param m := 139;
param k := 4;

param d :
1 2 3 4 5 6 7 8 9 10 11 12 13 14 15 16 17 18 19 20 21 22 23 24 25 26 27 28 29 30 31 32 33 34 35 36 37 38 39 40 41 42 43 44 45 46 47 48 49 50 51 52 53 54 55 56 57 58 59 60 61 62 63 64 65 66 67 68 69 70 71 72 73 74 75 76 77 78 79 80 81 82 83 84 85 86 87 88 89 90 91 92 93 94 95 96 97 98 99 100 101 102 103 104 105 106 107 108 109 110 111 112 113 114 115 116 117 118 119 120 121 122 123 124 125 126 127 128 129 130 131 132 133 134 135 136 137 138 139 :=
1 0 1.54601026403187 0.652461689688157 0.499832179155036 0.351843757137611 0.21179063947623 1.13120029544807 1.04997766608176 0.22243196083756 0.305848399031781 0.590204288525335 1.21925504284756 0.903254381405367 1.03308416023956 0.458971343054109 0.285663775420113 0.761187424561274 1.22320676293204 0.954618221052891 0.684011091613186 0.389299884189074 0.469254519189434 1.03959034159438 1.20315226908881 0.211748023437523 0.089172533274595 0.247317215548317 1.38777518507336 0.239808783366759 0.648460995983864 0.103341642023642 0.232694054913524 0.384233994676506 0.415610693212559 1.42329977993131 1.37379180224155 0.0388557438895678 0.231740428990931 1.14365031810363 1.29794664911783 0.412766325183494 1.53499485081901 0.419198430701124 0.233820660991286 1.03403829426308 0.395395346382019 0.252154189311922 0.291428193464461 0.291391706687019 1.27919121785263 0.349575700522123 0.517195016194717 0.962792393936544 0.84840700560164 0.615928410434771 0.220083234808465 0.0506878856854757 0.418427839630729 0.543169790141092 0.354796426387606 0.153209306634098 1.01458203029034 0.308667786313054 1.03699450170951 0.753867184344672 0.287152797247827 0.379659840277263 0.366225865413047 1.32959129642737 0.0284950499874908 0.885239222803609 1.32331744919301 1.27103814342879 0.285234503738179 0.133089723278595 0.336190753732507 0.158884581797418 0.795114979379798 1.46410968750467 0.26613071141315 0.440314131726995 0.455316580846271 0.916705511074211 1.4029997856561 0.872082607384969 1.20324940931965 0.743086800072308 0.252029612137121 0.832769054625299 0.622481737403127 1.31849497567105 0.356009708709978 0.208501052774172 0.537862497546182 1.00113443385363 0.693244073860738 0.61202889642243 0.584016544684399 0.989935106327335 0.597154835643155 0.615309147031235 0.186034200060026 1.1567345490437 0.196904797347863 0.249078215285414 0.212968898201314 0.216976646210092 0.285350692079638 0.179528603448515 0.147251897855642 0.16328025190552 0.835228258108659 0.312346415420985 0.299752337570683 0.28180278822521 0.949802329236272 0.295347586243447 0.614118055170962 1.18247930080741 0.760794608738588 0.774180732208028 0.1177168687937 0.83672998554893 0.640499799140881 0.62709967684863 1.3318730696679 1.55095536104026 1.19836589840756 0.131584334100954 0.694493812297846 0.471688281841134 0.543211024080766 1.62218192647163 0.859056781228023 0.232229937494255 0.266176128844659 0.273826241900058 0.341095354860392 0.490445028628426
2 1.54601026403187 0 2.15254009303653 2.00496864133215 1.82228197909539 1.72705548968557 1.09924427175536 2.59476982943808 1.73972680247631 1.73074010301857 1.87956799075352 2.75493904306781 2.41028307352527 0.85706892882005 1.1014634540276 1.82997099442047 2.26281363858421 2.74612709618956 0.595985113918737 2.18434324595332 1.92387846969572 2.00090205377215 2.57513615239127 2.72017846889881 1.75759566536895 1.59385685356007 1.5059670800207 2.93366186496834 1.74278703750353 1.17619194400544 1.51898046323181 1.62153587328874 1.1984321485684 1.15992832704343 0.141903991573071 2.91705659926221 1.53127495500764 1.64688393983078 0.494400526500154 2.84218019426795 1.94854943449518 0.367160073807624 1.96238464861326 1.54219534169961 2.57818680477385 1.92618153948766 1.6503909976259 1.35024732340517 1.79999040425956 0.902442967210146 1.88452335603347 2.04511216284896 2.4714374783186 2.35227002902453 2.13396254783244 1.6036268041013 1.54941838541063 1.89920859128716 2.03886046734754 1.87262340735626 1.59665101788339 0.968347129030935 1.82489677594953 0.531018300218773 0.881385182577229 1.78275139793759 1.85737728133791 1.88030186377201 0.384521379982722 1.55327983518459 2.4047534352336 2.84882448777129 2.78915620099354 1.82092463512067 1.58343343581613 1.86281908940941 1.41371523683347 2.29812772764316 1.70179977297019 1.63318636669931 1.93207973111992 1.93807124701336 2.18337560641725 0.288365440164021 0.687909234596688 1.81734774283783 2.19185359202711 1.75666590117188 2.05291073266477 1.0362267452987 0.982457265616022 1.35852448416825 1.73987312698545 1.92214347734842 2.54565832816333 1.37175683606428 2.06694099816033 2.08811635234015 2.52650414483197 2.06814523856948 2.14649746584786 1.68115976652296 2.66987002391639 1.61051921179742 1.60091365706542 1.61267513719015 1.63879417662314 1.31147797856278 1.70920202591641 1.40011523865791 1.58222699767762 2.37734360044525 1.78677531855655 1.33981178403807 1.80056941928274 1.86594900857808 1.33680448431153 1.58679466962164 1.78623520604259 0.785240811764932 1.08701035206195 1.6626859639726 2.35400799963101 2.14468735709539 0.922752719037903 2.87077156773038 0.114468971200672 1.48718469164251 1.50995093729818 0.877639240667019 1.08027738217296 2.06874328531805 1.99995585001421 0.689835321956256 1.55969218725176 1.28323186266034 1.3589561558702 1.25387160231745 1.97582369314266
3 0.652461689688157 2.15254009303653 0 0.152985015662005 0.330282403842438 0.443360604696365 1.75963333650348 0.577270656193497 0.431685981246818 0.423110262720956 0.879169459035993 0.617195492369886 0.257917679857016 1.68349195208819 1.053297897267 0.393257080799816 0.110852403375341 0.595032975329912 1.57799743488581 0.032075098141531 0.277880265716067 0.204883651235266 0.444221242939877 0.567713914094669 0.465627074859994 0.579919571066277 0.648563213932815 0.857206786602476 0.420333351706101 1.2832700249934 0.644972791375935 0.531174763045516 0.954287294807751 0.992973369102798 2.02092975508269 0.797802243617543 0.682122965254355 0.505660183204735 1.78490962809228 0.800245958909388 0.260719312154097 2.1773679763726 0.286059566076364 0.611392361904204 0.48741279817759 0.26633693910938 0.502650124727528 0.934043076969819 0.364119407730981 1.92510329652351 0.313528670066248 0.158633202491517 0.319035849656411 0.200293837345043 0.498587159819806 0.738770402567549 0.629742402295191 0.253337970649457 0.11388021112954 0.511075685024393 0.560776040404555 1.65835601730051 0.344153294780386 1.66779544644018 1.40494516066054 0.375734475243692 0.295252140757207 0.28636886735966 1.97081963334029 0.658709564415116 0.607385321442515 0.698277916352452 0.636703494933901 0.373289023382106 0.57662103325214 0.318110602928584 0.810588270337835 0.146016428814782 1.99121145755432 0.521723314838028 0.221281023498531 0.214505206584131 1.05735235755704 2.03821186946105 1.50427574019524 1.65870050121492 0.718684231777995 0.406698320996628 1.05495218957252 1.27474949988666 1.95905316740048 0.983597607545987 0.444310997579643 0.755148171438153 0.462864556435319 1.27695694080457 0.660751572134099 0.0684652627323228 0.401686905508714 0.624130768921746 0.125251616811887 0.481880631757134 0.517378541871189 0.542642777554142 0.764997486450149 0.539909713167627 0.514000708028286 0.841588008523901 0.472935751582424 0.779945846028238 0.573007393406974 0.303079321607012 0.366537037239425 0.943575447314728 0.37091411505054 1.33884409607435 0.816044151519901 1.11463344088583 1.64676643981405 1.37711107919671 1.4141458945594 0.541582991704307 0.205459169562199 0.550773552266741 1.23418525555354 0.737092484781622 2.17126771312869 1.75683022610962 0.648648378101045 1.33700282618569 1.07819622110867 0.459594007437491 2.08447092086114 1.48280456703815 0.593715793266997 0.885611315647177 0.917453703462626 0.898711828024888 0.176850457621862
4 0.499832179155036 2.00496864133215 0.152985015662005 0 0.18568754440078 0.29037657065356 1.61300149579276 0.668146107204766 0.278709749580101 0.282600887573105 0.779803115684951 0.754662783843626 0.408616613499668 1.53175316506614 0.904267949380161 0.251013801373174 0.263090862002733 0.741179233039384 1.42748969503061 0.184849754993551 0.140122778790512 0.0941855111207651 0.576922998047828 0.71613588046337 0.319143272361882 0.426997758160963 0.505813407578846 0.974044323490578 0.267716564456186 1.1346192174983 0.492976467285881 0.386425369554969 0.806629411085733 0.845048634785969 1.87450442402577 0.928380979570208 0.530069798620856 0.359632908850081 1.63257836822769 0.905726717754303 0.131105617116481 2.0250177808803 0.173099976133543 0.46784004050167 0.602360932541632 0.125205872864845 0.359125653365854 0.783274405266609 0.211227863623464 1.77465723006091 0.169522447034841 0.0836086034781066 0.469390695272941 0.351893091859023 0.459426338231342 0.59751881951828 0.47676969112565 0.111765083440245 0.0471210135417074 0.39791126361315 0.40995095525857 1.5083100875697 0.191278073707277 1.51652388459881 1.25197246029733 0.223918406168839 0.150701948071472 0.133606421682223 1.81854465532749 0.50676074661688 0.633114246185711 0.843867752389659 0.785001395045195 0.224374044297625 0.42510301801584 0.167855644081925 0.658220988966846 0.297817679581403 1.86564839994886 0.380948752576845 0.0755409503984656 0.0790349186301302 0.996680384913767 1.88663946336384 1.35271148144789 1.54536991369426 0.678635514313676 0.254005169555115 0.976583590497993 1.12227553222994 1.80992656737546 0.835088197179941 0.292110973742968 0.661708245607842 0.573766835943241 1.13700906699099 0.596477127932215 0.0849412470052955 0.530633208170113 0.56125177170094 0.162807163436385 0.32948913752079 0.66691360925875 0.394571777714637 0.625194262156851 0.393306148409203 0.366697508334684 0.693496219375939 0.320329533987477 0.627142372612747 0.423167675956784 0.402896120631651 0.21862927354808 0.792658593333164 0.218091181894638 1.23447782436655 0.670297959883181 0.986418118311132 1.53159985871493 1.2270718292089 1.26471365238195 0.390289646806403 0.3490548437535 0.511019521170244 1.0847476612715 0.873188935731554 2.0217274138444 1.62404867815937 0.497698668962669 1.1843921482071 0.928184935392011 0.401880201758505 1.97261455045448 1.33212662474386 0.450039722121764 0.733732458920118 0.766496749483268 0.75142707798992 0.053857306411968
5 0.351843757137611 1.82228197909539 0.330282403842438 0.18568754440078 0 0.14631152003283 1.48264127389798 0.842801493553589 0.139588038889043 0.0977237322419014 0.767418803653125 0.940227102170323 0.588144154820363 1.38043529469963 0.723314821504816 0.203428581220693 0.440770771739538 0.924456673403324 1.24888337742065 0.362146788120833 0.174191960950321 0.216822698011076 0.762610193597673 0.89790547976226 0.23249259070134 0.267720720641507 0.320252132775118 1.15658268402112 0.114656537272856 1.00009048574384 0.321883251079288 0.201371656854771 0.624007653025063 0.662709482791733 1.69091173243354 1.11383242389214 0.387430016689623 0.175405763700298 1.45964704397749 1.08457062323183 0.192711814542734 1.85194421488843 0.238338220038198 0.282430072692241 0.785647098303532 0.162808247707597 0.173579423010123 0.643215468201537 0.0831637316257846 1.62929538773565 0.158661072767306 0.245690285105376 0.649284446224515 0.530293840825676 0.551076271710167 0.501667762263582 0.317991776086286 0.0769551811827931 0.216590891605639 0.392958581114473 0.234674651075095 1.36564712749463 0.0932499104212545 1.33970781121086 1.08887166343033 0.0698714436061144 0.0352200084121121 0.0972152003660855 1.64519919965666 0.366029238219067 0.770376978185845 1.02748100667722 0.966887916529683 0.154023764917706 0.252512407907751 0.123957196007944 0.509004702617209 0.476064411274891 1.78554298282605 0.195388370996922 0.110652094979437 0.116027701941902 1.0336595378763 1.71054515523911 1.17687485513817 1.49132524747162 0.753184436118125 0.105130402430276 0.989773177269876 0.967221573688791 1.66995194170601 0.705002471388148 0.169326331513567 0.665488086223041 0.756226219601321 1.03036228297971 0.646994775057962 0.266401776541241 0.716227125470947 0.616268934235385 0.342726253357146 0.166584201265633 0.847659244570372 0.212746185659653 0.532454579358865 0.209627309405342 0.183841232677358 0.511379005012574 0.186219810074647 0.461214084708233 0.244735163149153 0.584396093132452 0.0399136878212397 0.651594872234469 0.106250618506785 1.20057725352325 0.486060617425608 0.9112755731728 1.47433036511961 1.04762935780489 1.12597306638875 0.26298013690857 0.53274237120128 0.597242942049778 0.904340309858169 1.0588577479928 1.8413139569753 1.53021353068612 0.321930925284112 1.01380415920596 0.748860124641546 0.479985223877784 1.91766981651367 1.15392844227467 0.264647248103215 0.560217910772605 0.625648801853859 0.568432928591022 0.153878296376543
6 0.21179063947623 1.72705548968557 0.443360604696365 0.29037657065356 0.14631152003283 0 1.33906502992543 0.889525794273072 0.0127141798602634 0.141581271986928 0.652351227039816 1.02809138361424 0.697498685891277 1.24479622215917 0.626214685552761 0.1345426680872 0.553222268852368 1.02432851813098 1.14332586478182 0.475209261519962 0.198236072882233 0.273865963736987 0.84819099658184 1.00183137199897 0.112633294975228 0.137004218514595 0.266992680745172 1.21865633311596 0.0322958855502422 0.857108277443769 0.208104692865746 0.159956771135089 0.534119412198235 0.571129051023396 1.59950860164348 1.1914741690612 0.245032210904595 0.133864331273136 1.34370389995963 1.1367557608387 0.223118948213434 1.73601506174774 0.246241589895857 0.230396500918315 0.854552259895096 0.199279797357968 0.150242344486241 0.501192067653236 0.0798124000046575 1.49081448737697 0.160140394602815 0.318507097474067 0.757796097358153 0.641521550429839 0.519404003874282 0.357997562763581 0.186431376568328 0.207276220998102 0.332419733498182 0.304313221665328 0.136751208769688 1.22583951844243 0.0999502177501028 1.23032084272141 0.961656237683003 0.0774332250641045 0.170065892615564 0.157628660540893 1.5297557863739 0.222689541116601 0.76922976574104 1.12588291338803 1.07032356476826 0.101620033110518 0.145578375854209 0.135774633345176 0.370652625745583 0.587693608709985 1.64104465743818 0.179510019968804 0.228562418052999 0.243639828351899 0.942332458771807 1.59947367281263 1.06591813781629 1.35294243187565 0.6962713727371 0.0415220251746875 0.884594073976705 0.833538768641383 1.52932833935138 0.560378478099447 0.0377296275998614 0.562803375515199 0.822840708106022 0.884060854076613 0.576718824011288 0.375191008800131 0.799457077662165 0.55104412620167 0.419625080645904 0.0502784048972304 0.953921516804048 0.143973756000116 0.389149772706403 0.153019521985451 0.129126374888127 0.421538778791799 0.0406164738258481 0.337438554128617 0.15569542396794 0.652296261897887 0.10989506515553 0.50997266937542 0.0740832626284587 1.07020306037966 0.407787032176632 0.769363707177019 1.3350876751072 0.944546636199831 0.984465651595298 0.116805028872341 0.633996072720906 0.557735228510112 0.804387186939293 1.1437248580131 1.7392141579186 1.38432678921677 0.21855744088948 0.894955089629809 0.646906767659262 0.443721787813748 1.778242767156 1.04767458852788 0.214904806455935 0.44725941055768 0.483854981219993 0.481154308001838 0.278660769369428
7 1.13120029544807 1.09924427175536 1.75963333650348 1.61300149579276 1.48264127389798 1.33906502992543 0 1.98625665336826 1.34820098536024 1.43180937979082 1.08758335065274 2.23998926056207 1.99038145511092 0.27672970088397 0.964638412843623 1.36648505909744 1.86101249702465 2.27237002824408 0.761987364804501 1.78918870212215 1.48193058551312 1.55813339121689 2.07188720350621 2.26266227539509 1.29441253983179 1.21803229514731 1.27761032588935 2.31811335589417 1.36910650201678 0.482838793184125 1.18362572408149 1.33809578263069 1.04471034340171 1.01947656179833 1.07323622068652 2.35319493440533 1.09521131358469 1.34791899819243 0.643721023322907 2.20853284069561 1.50043557833761 0.823214782864446 1.4849249285526 1.29395264644813 2.02951613277486 1.49332022402764 1.36472225315236 0.839927826189283 1.41629585290937 0.249428530249794 1.44624703664933 1.6070998207139 2.04504416882701 1.9415176364266 1.4938545773335 1.02451096790001 1.16947035484829 1.54594352763633 1.65923612310897 1.2925414373024 1.26842223032549 0.183222082917808 1.42853984566412 0.718997716882628 0.545733790180625 1.41617799339038 1.50901688469145 1.48301142096739 0.715352159250524 1.11679026331231 1.72523236297234 2.36279833564899 2.32568961080631 1.38862860695977 1.24743701370614 1.4453037275757 0.977269925560648 1.89190607057363 0.621294258108116 1.36776587398625 1.56358723782311 1.58090489777662 1.29345452551259 0.815191100566178 0.703707351261322 0.733412013244962 1.44590554106929 1.38040419852705 1.1630947994523 0.569549307699542 0.228738086598411 0.779218992170992 1.32647433400751 1.18611257255907 1.99608988509595 0.512199091990741 1.35490299188443 1.69250294476654 2.02266134520764 1.37379990050303 1.69087537316041 1.31722945985125 2.22382930903658 1.30688390568561 1.00123599325776 1.31962564255505 1.33363345664742 1.10194047927923 1.3020022621599 1.0484834409823 1.26863777739683 1.85957208621154 1.44337512370922 0.831976048060946 1.40226287706664 0.869373623700211 1.1498562885122 0.741476140779553 0.703540598331038 0.808862630848335 0.363924038041929 1.22684420506663 1.91632154277881 1.47857589863641 0.874146477124664 2.33534764928058 1.01907989311318 0.388093526728037 1.19671267351721 0.672103566837356 0.926326000479911 1.45644366227051 0.912243576245471 0.759259808661063 1.3041803741041 0.99661439248415 0.857637549005749 1.08131512768896 1.61368468168634
8 1.04997766608176 2.59476982943808 0.577270656193497 0.668146107204766 0.842801493553589 0.889525794273072 1.98625665336826 0 0.877044712818846 0.939571337530528 0.918038671221697 0.316147559510521 0.443237709273547 1.98609659935884 1.50541122191618 0.770720265292215 0.514292250476085 0.403189770444524 2.00080122607653 0.558201852763524 0.694025220491937 0.62882277090898 0.256560666860667 0.425856073459245 0.839667391377443 1.01191346990313 1.14863814180675 0.341953854648149 0.882793979778306 1.55907203757858 1.09062899649109 1.02985440676425 1.4197198882951 1.45527888704757 2.4732150297794 0.370072181351091 1.06350145840195 1.00119490187252 2.17237197350215 0.248169730374573 0.669505432076537 2.55674578961946 0.643648753825705 1.11025641521407 0.146571735397668 0.697055545405198 1.00695866257362 1.26606185582852 0.830093647551409 2.19505000952925 0.730035837811372 0.597304672731726 0.426106160806422 0.471461651995324 0.494138583490563 1.01609105846462 1.05178151874756 0.777109723267051 0.658902300900957 0.732701193657045 1.02625124985852 1.93204416484832 0.802429343694337 2.0783407556292 1.76486812728573 0.8540884560193 0.810633748784365 0.756765731475253 2.35585720662573 1.04159781783056 0.287311611254494 0.448101911486417 0.454485526218547 0.78889359026437 1.03426644926691 0.759101737897305 1.18287811107501 0.494485579341572 2.04384683691579 1.03304124411553 0.740615954206929 0.747176379566969 0.89460526469784 2.43674446448053 1.91423371190201 1.66043908362642 0.579261887531805 0.869910779676503 0.965124690374765 1.61460262963564 2.20820012829455 1.28345804906827 0.868487085629558 0.804868630559591 0.144142416723535 1.47406204209798 0.637751526136439 0.610206016744858 0.250755148047984 0.614719033468435 0.505410046280183 0.939326503677518 0.427641939199722 1.02679723713638 1.0281745758909 1.03093409935302 1.00376707356633 1.30878309107935 0.898195064326713 1.1969412678068 1.04473066933625 0.274191573593095 0.866147000532041 1.27675273440148 0.82178270038532 1.32362068616329 1.29728147789537 1.25254744694358 1.6592408003698 1.81006506845026 1.69138877713142 0.93491250790323 0.419796953745641 0.50795653912427 1.67697317150427 0.370333675258293 2.59512035561255 1.86858284527879 1.10569734109207 1.72949727811143 1.52086121908578 0.542568105863936 2.05389619048682 1.90579674204739 1.09295690750469 1.31541939948141 1.25382595314263 1.36851228490914 0.71755138278162
9 0.22243196083756 1.73972680247631 0.431685981246818 0.278709749580101 0.139588038889043 0.0127141798602634 1.34820098536024 0.877044712818846 0 0.143376895441723 0.650727650633574 1.01545198115119 0.68545118210702 1.2555156958222 0.638915202763306 0.124593966212145 0.541395623013161 1.01189804598524 1.1558629221852 0.46349086495317 0.18553485470058 0.26118409046752 0.835544082479752 0.989511854789644 0.109230444084875 0.149165568751969 0.278399555431198 1.20600799994422 0.0295155944357421 0.866496117912326 0.22076104781479 0.169622185976909 0.546825094970806 0.583841918258572 1.61221000219409 1.17876202432681 0.255015616214744 0.142886062628592 1.35590014502766 1.12422465416274 0.21041894922363 1.74818458112921 0.233900916327496 0.24153573804018 0.841842775401585 0.186577004178727 0.158316233497134 0.510976691709099 0.0689952561940443 1.50109067112113 0.147507791542753 0.305923059204443 0.745691395685075 0.629579166418957 0.509554858640605 0.362775079935189 0.198321123269455 0.19777138100242 0.321126570635389 0.298365689305393 0.149206540502622 1.23590925612549 0.0878591154728836 1.24275509830667 0.973262712686395 0.069869695114751 0.161574120567592 0.145655455670168 1.541958241341 0.232426526991952 0.75814109594639 1.11340581507789 1.0579788716232 0.0896486272993563 0.158259989353788 0.123094023520668 0.381312140005689 0.575803480674681 1.64638631350789 0.187742775544762 0.217956978437625 0.233566448982323 0.937911718183799 1.61183166562518 1.07832220443743 1.35610305660016 0.688430338586959 0.0346847097156378 0.881782483704327 0.844574824077887 1.53920661859991 0.56925912719198 0.0345689431017579 0.559335453033147 0.810137331469919 0.891111463218897 0.569812583758286 0.363443295011363 0.786792881362648 0.543651011093777 0.406998064636765 0.0624352829252366 0.941683251839771 0.155134450334453 0.393767159663307 0.163574561676287 0.139030010015745 0.434227630796483 0.0468781699727785 0.349579056705567 0.167962610801599 0.63958268869501 0.10480464281859 0.519852691560614 0.0617025648118103 1.0714622945572 0.420311906056191 0.773535333540335 1.33848614639071 0.957148869704628 0.994215207739019 0.123716787012471 0.621707273696407 0.548443783077832 0.81704724100705 1.13104915991446 1.75179011207469 1.39062620126371 0.231267745303269 0.907081597361885 0.65956085369565 0.433973075662442 1.78172880083099 1.06020465153642 0.225806149496642 0.459752775275703 0.493709393852785 0.493835894704058 0.268152809503239
10 0.305848399031781 1.73074010301857 0.423110262720956 0.282600887573105 0.0977237322419014 0.141581271986928 1.43180937979082 0.939571337530528 0.143376895441723 0 0.793837849689906 1.03632635232072 0.68006721605472 1.31536076126182 0.635004630279066 0.252631088660129 0.53261316925683 1.01813491710703 1.16193609138644 0.454579669703356 0.25929711923116 0.311768247915855 0.859261463454393 0.990493513389522 0.252580325175051 0.216731044881654 0.22546848705205 1.25430198109707 0.114594974466197 0.949275286134406 0.251804984021763 0.110490469314505 0.533916605906223 0.572864266600607 1.59836424659043 1.21098184864326 0.344199796108681 0.0893728019986031 1.37752727657727 1.18193856384462 0.280796535012352 1.76924327141029 0.321781459481803 0.188585438255452 0.883356181882899 0.250878465257024 0.0808532836007455 0.593091014410268 0.131735895154059 1.56770871169493 0.234460266567672 0.342957593738344 0.741197542157118 0.621895305723297 0.626622238982938 0.488631859650296 0.263094571125212 0.171646460655857 0.310508912205261 0.437892696006742 0.164266909793715 1.30684320272142 0.156539389222594 1.2543277662472 1.01587017528145 0.103925038779138 0.132049822020391 0.186104746132505 1.56248303577418 0.32593751442113 0.85764965974659 1.12135273598216 1.05947393964841 0.205141430220572 0.184883518009571 0.198904980018233 0.454611710714434 0.567910007628682 1.76482284945726 0.0987861744521965 0.207120923850678 0.209217348157748 1.07963845771833 1.62540083560565 1.09267125812968 1.48699335162011 0.818753715968383 0.116541713933554 1.0251031219607 0.901314451371934 1.61197434824974 0.661277270303426 0.177778598979241 0.702350960129008 0.853949504968155 0.998189764754516 0.705007157964393 0.361366024295326 0.813204438506022 0.676844213889149 0.440445115467131 0.129010030017725 0.939631462698159 0.131011742225936 0.520114677069205 0.12315287206275 0.101734403102678 0.422554158233372 0.178585972105633 0.392175217862503 0.167884736344405 0.682107798555267 0.0761990899646564 0.600502224193121 0.152296836781117 1.20951608805305 0.393982857526937 0.900300070671664 1.46828637884744 0.960167979860708 1.07119719772961 0.245907691924307 0.627290860993616 0.66993104346659 0.816145643901816 1.15525973094155 1.75211104888625 1.5024323604003 0.245424721370832 0.934778975409589 0.662334328393965 0.552952924146209 1.9108484125336 1.06752570203391 0.171048515014107 0.481359409086745 0.575272711314564 0.478030314326828 0.246427838326772
11 0.590204288525335 1.87956799075352 0.879169459035993 0.779803115684951 0.767418803653125 0.652351227039816 1.08758335065274 0.918038671221697 0.650727650633574 0.793837849689906 0 1.20102421505994 1.03881116035506 1.13752030438796 0.944384359204562 0.565886394730176 0.948106879154692 1.25370733023529 1.29905293674987 0.898921883773976 0.646682268085197 0.690111789844976 1.05148596854549 1.25434988942198 0.542112719812573 0.643293550526728 0.833751037010237 1.23865975595414 0.6799977242856 0.722464024081992 0.69251425659837 0.781475944774005 0.912128975878601 0.929925062529723 1.78246191230538 1.28809860688974 0.565342712804481 0.765378622491465 1.40323491530241 1.12695730083117 0.649769563716959 1.75639939909736 0.607205095097225 0.813322121281326 0.986421379112408 0.663441545656261 0.786405922416324 0.572518382939442 0.685419695260247 1.31343776016936 0.632636466311275 0.72669932813463 1.08058414963257 1.00540773780624 0.449877019348435 0.381176276328089 0.635123894926853 0.783593075559572 0.822742296498211 0.384263896290765 0.710824600823333 1.06328782118716 0.675171894824845 1.34953305616631 0.998494178479696 0.706254325846995 0.769988942724022 0.699684908653078 1.57199063176904 0.562313135977294 0.6434299372934 1.33167357750943 1.30922868968004 0.614075119181802 0.697702541143447 0.657167201940776 0.59452480572535 0.968817527127898 1.14607074938497 0.811588776656289 0.77613218812249 0.798747679432802 0.338721233444819 1.66569926526185 1.20158548216906 0.78717336494212 0.358365875906514 0.680743463822695 0.242583898814651 0.843354936328801 1.31472068308785 0.535516829951707 0.616191251093222 0.127284117748219 0.954924588887811 0.58278228549994 0.281530161043507 0.828595718053955 1.00640384136133 0.309230352503269 0.767734879601329 0.676604903021261 1.22595498430011 0.749107404888101 0.360592837016282 0.765071814137686 0.753884391440063 0.844682625180601 0.617454264689344 0.682067491434951 0.729079269828246 0.852096078219645 0.745458007983408 0.580834896013575 0.661775112612549 0.460101307940122 0.869342106736246 0.346300378099353 0.778567650875436 1.15008651070096 0.841925867104431 0.565253682079758 0.962184061038419 0.41858846338024 1.0580570214771 1.28206809468066 1.85116452876746 0.952045234446638 0.720858537652169 1.01458287312746 0.936687892905391 0.443858785797952 1.20904696909241 1.21537364272481 0.806808806240031 0.771710938636017 0.572092452610713 0.887752859826821 0.81269122907764
12 1.21925504284756 2.75493904306781 0.617195492369886 0.754662783843626 0.940227102170323 1.02809138361424 2.23998926056207 0.316147559510521 1.01545198115119 1.03632635232072 1.20102421505994 0 0.37704237932065 2.21290237171856 1.6535819335125 0.934159758671138 0.514631568160293 0.105211401236693 2.1704364847673 0.587528573118764 0.832664521507821 0.754497830225667 0.17997912637462 0.144773706917031 1.0097447841416 1.16264990686854 1.26045676740749 0.301510244568853 1.01226106341403 1.79110193771279 1.23618816581698 1.14104232179642 1.55852622878322 1.59647262902087 2.6263651891786 0.191359295518921 1.2408063194373 1.11402936367628 2.36237581979771 0.317454235631035 0.808325108149807 2.75282861559027 0.800652472845897 1.22250235241005 0.21461387824737 0.829364115912994 1.11376609931032 1.4706662543564 0.955154575119888 2.43580189470026 0.872371877601664 0.709827744764806 0.322900961489911 0.432343706581261 0.755665122080807 1.23404548659961 1.20895345140147 0.864687282118925 0.72658229060372 0.952549194288912 1.15873363650762 2.16928826654245 0.930053380558634 2.25541506067812 1.96508890676928 0.973320308903632 0.905100073878532 0.874995801816102 2.54811295875607 1.21745298394108 0.597337340625255 0.133497307063581 0.145077900674791 0.936662804761037 1.17155043676361 0.892433492032546 1.36787987127643 0.481262027516658 2.34068661331117 1.13504051751196 0.829624994070418 0.827453514122891 1.20781222355037 2.62224989340494 2.09056281969906 1.96293628122556 0.8812049618068 0.998400023871425 1.27194348022579 1.82203303092994 2.4563010125331 1.50131033740431 1.01718115705865 1.08043090790929 0.246597275515153 1.73066013603852 0.920071038116518 0.675210735757463 0.229341044376156 0.89192859905903 0.608486455068942 1.07379354448934 0.179119062309085 1.147708582906 1.25169490230354 1.14739714188718 1.12051901358911 1.44521655873217 1.04785814929172 1.36049417678395 1.17388184906663 0.387907017996651 0.972861897336105 1.48112437235488 0.954417191511225 1.62540111799619 1.42419398942776 1.52138144392617 1.96009021172212 1.97247355849368 1.92471883927922 1.10162286736357 0.412009293317078 0.782509297491149 1.83242909785286 0.120254563254022 2.76678114557634 2.1522898259594 1.24505033110305 1.91353139064833 1.67497976555615 0.784434143061455 2.36275809273954 2.07471735337253 1.20470158673336 1.47431778557122 1.45632374220383 1.50391762111916 0.790980182789099
13 0.903254381405367 2.41028307352527 0.257917679857016 0.408616613499668 0.588144154820363 0.697498685891277 1.99038145511092 0.443237709273547 0.68545118210702 0.68006721605472 1.03881116035506 0.37704237932065 0 1.92855365997892 1.31120977044363 0.630600370718554 0.147486454079038 0.340251648909947 1.83566991290002 0.225998532609477 0.517283757516306 0.437720763347651 0.226451967504424 0.310570674798452 0.706153177724693 0.834493040984843 0.905474301943412 0.649525808247148 0.676129668286126 1.52037045619867 0.901587657576553 0.788770053347248 1.21214411461463 1.25085354381026 2.27837336640988 0.566125081051381 0.930749702487356 0.763470493750213 2.04092778730505 0.616857040810237 0.495881862797662 2.43332527532937 0.505892747435524 0.868599882644251 0.310904993128924 0.509073294401245 0.760048755753315 1.17788736506774 0.619264929322112 2.16557526604854 0.556051719111346 0.388554638381252 0.0611548183500536 0.0583195171883361 0.603577491322971 0.965921623577978 0.883733908419595 0.511189239647651 0.371783900340172 0.708420071032555 0.8182005577175 1.89809055403647 0.597595128890264 1.92507607891801 1.65709884394725 0.632495820298269 0.553151978548229 0.539874883363204 2.22693535716265 0.90714510019897 0.594672129226945 0.443586643468502 0.379509372085522 0.619254515512996 0.833657523899785 0.567071685093628 1.05977072064755 0.11217363485791 2.17808021593197 0.77835787039873 0.479090344166989 0.472236496371419 1.15026122067727 2.2952530573041 1.76132099563544 1.82589082293598 0.799228636807889 0.662349607558103 1.17592905634932 1.52336997272779 2.1956897526048 1.22177536124273 0.694880292799182 0.911527447861322 0.301019676961153 1.4957675349393 0.781902304912012 0.323942356423197 0.202189282556375 0.746587187208941 0.299510397506976 0.738020689241095 0.259605054011191 0.800559928339201 0.989342402424709 0.797759922423913 0.771907076192213 1.09949295429152 0.724498242266921 1.03491077873754 0.830751509192848 0.227462062896571 0.624423849313763 1.18777430843351 0.62394590017275 1.49487396755464 1.07360178796614 1.31414034667564 1.81730448505172 1.63491092243966 1.65278422970204 0.789166972764625 0.077009981461738 0.648987186163871 1.49207472160809 0.496735592866535 2.4291650323017 1.95873571978958 0.906040532255395 1.59240974211931 1.33598433812275 0.595178598798902 2.24554304690999 1.74040655691438 0.850984459994605 1.14234592531882 1.16187263369452 1.1565303677653 0.434463143284446
14 1.03308416023956 0.85706892882005 1.68349195208819 1.53175316506614 1.38043529469963 1.24479622215917 0.27672970088397 1.98609659935884 1.2555156958222 1.31536076126182 1.13752030438796 2.21290237171856 1.92855365997892 0 0.769129794631397 1.29808927991116 1.79045323482157 2.23278257998702 0.487565431945065 1.71460523803616 1.41143488547867 1.49083416778187 2.03793919595855 2.21786979259971 1.22240102227206 1.11300443241447 1.13286197904031 2.3258044642362 1.27189691729596 0.427501035985882 1.06368622846323 1.21234020224621 0.861958271525593 0.8308342281992 0.814289303738235 2.34387926934959 1.00171338896826 1.2271814109667 0.37764174519104 2.22096622608141 1.43267582236464 0.635989318155292 1.42621487268838 1.15569336753926 2.00965268242501 1.42035423011289 1.24105860083568 0.750669188949762 1.32447100905918 0.259950758886367 1.37308270482912 1.54002467194431 1.98642987139695 1.87574104134695 1.49342177536356 0.978923808352563 1.0625763215142 1.4504479760356 1.57585059726521 1.26206150377936 1.15178328514808 0.111978288035846 1.34122931816134 0.442360927619172 0.325711292342805 1.31906736549003 1.41054053279138 1.3983675029715 0.484203287767908 1.02499287067262 1.74580123696503 2.32853444894747 2.28381000387497 1.3109668620212 1.13186699601253 1.36542533365184 0.87420498870044 1.82350225859307 0.896339203176257 1.23852565833968 1.47335832869475 1.48794188362917 1.39665878812539 0.58620184539607 0.436978910004072 0.961137665459163 1.48646249103382 1.28455559864121 1.26355074589968 0.414046625618928 0.324481609688766 0.711905965741197 1.23965637219598 1.21430777414848 1.97585936468991 0.565716138055399 1.37870298573327 1.61508151567252 1.98790150667354 1.39094073623307 1.632163971144 1.21429063153127 2.17481164600879 1.18520794113843 0.962329162338596 1.19559694391943 1.2139168593018 0.939176993593926 1.21189764155615 0.923186193684517 1.1476308791465 1.82571503319583 1.34052169370287 0.740815523219624 1.31435571936445 1.02631434416739 0.984972886904696 0.802890474321443 0.929895189315604 0.557620799964945 0.297709010334883 1.1419166448925 1.85818345375281 1.48770344091175 0.646468969038902 2.31642311288854 0.79054132042641 0.646842306817119 1.07095560605885 0.446185593399734 0.730595687623765 1.44432122262452 1.18360249314969 0.493777326421249 1.1685636219223 0.846170603757348 0.766776429296866 0.906863312526794 1.5234329952412
15 0.458971343054109 1.1014634540276 1.053297897267 0.904267949380161 0.723314821504816 0.626214685552761 0.964638412843623 1.50541122191618 0.638915202763306 0.635004630279066 0.944384359204562 1.6535819335125 1.31120977044363 0.769129794631397 0 0.735060749440827 1.16397932027248 1.64535149400349 0.527170826331065 1.085261039208 0.823834089922051 0.900031134142006 1.47385476911159 1.62023798234179 0.666086713355306 0.495176514605505 0.415166750480927 1.84033613540311 0.641347343701844 0.551876621318472 0.418522152145726 0.524625119221965 0.104069472261488 0.0661860272537778 0.973295610093046 1.81751583739959 0.45326893868498 0.548533688725157 0.75059500129556 1.75358092374546 0.848626998493507 1.13937320078886 0.8653708462281 0.448563218870788 1.47978273833668 0.825491871092404 0.554151538614721 0.380908557813079 0.698531855491287 1.02875129115777 0.784813050763687 0.943799282826211 1.37230668774734 1.25350541331609 1.07210415808657 0.582463517780681 0.453645041075611 0.800223043652661 0.939425886284802 0.808359114843197 0.495224411209687 0.799445473755091 0.723539383033871 0.621078637274823 0.443652822886045 0.681444297155673 0.7581598638523 0.778838486488063 0.933194373632873 0.472321877094574 1.34282179318326 1.74784060098743 1.68915549543238 0.721937989254283 0.48203208006853 0.761961402484545 0.362086794933425 1.19924546042047 1.46346002004047 0.540154831972111 0.832190101790983 0.839342401456894 1.28271402561328 0.991867025871657 0.462507874160702 1.31619492665533 1.17776000806104 0.655220850143192 1.17321966279663 0.399123665469374 1.09132482341053 0.443691065955272 0.640892444877081 0.936299490078271 1.44768692940842 0.72289454963555 1.04597041250552 0.987957941636602 1.42537429581027 1.03721756901887 1.04524955604088 0.579803524608465 1.57050789368842 0.510669260063377 0.593545766693868 0.514077504624928 0.539477674876739 0.212452053769676 0.610396929809202 0.312448309581312 0.481135582805952 1.27800093878555 0.686806244050969 0.37494318873679 0.699426904896114 1.16201283479511 0.245509394779731 0.795378081435502 1.28841131835357 0.325260739122993 0.618808250286591 0.57100012571681 1.2532712471029 1.0930243036443 0.181163941562936 1.76975061684084 1.11800426828609 1.17718514647761 0.408531736441901 0.33173045448647 0.0386973502659306 1.0007195116113 1.68858216141476 0.433356897162549 0.465358047002052 0.194158119084401 0.377033778434751 0.159160940300514 0.877191933042964
16 0.285663775420113 1.82997099442047 0.393257080799816 0.251013801373174 0.203428581220693 0.1345426680872 1.36648505909744 0.770720265292215 0.124593966212145 0.252631088660129 0.565886394730176 0.934159758671138 0.630600370718554 1.29808927991116 0.735060749440827 0 0.495436639294409 0.941252131579104 1.23991095791321 0.422706879799146 0.115445825289367 0.193142020114057 0.754749419475298 0.923132842975703 0.0763084895134018 0.241401970767997 0.400177746216615 1.10549048596405 0.145171913081231 0.891529364221769 0.320539767663345 0.294200534764967 0.649296029140112 0.684605347289771 1.7056526354681 1.08831274562129 0.306813801534754 0.267407393707287 1.42822621798276 1.01884389815883 0.134931905231084 1.81892865708791 0.133599405815063 0.364265383161071 0.748712189938732 0.127370058735241 0.282146853976588 0.547517214534099 0.125456644223562 1.53552597644616 0.0814938120711248 0.242422812221995 0.688346771203266 0.578605647260016 0.384970572574528 0.346784785738521 0.281563953329309 0.220765752597389 0.298124541029635 0.189867086587243 0.265022261549938 1.26821874319369 0.110214545236222 1.32265823048122 1.03352592509822 0.15096940726734 0.204116739456585 0.137913861543621 1.61400245673269 0.283377065153049 0.636168905187075 1.0403167579612 0.990314491826501 0.049752070462733 0.268937180895224 0.0941384067818199 0.434762553964294 0.527336763507383 1.61807978560681 0.311633611754825 0.220634868230307 0.24250687386877 0.832003448929495 1.68835092273503 1.15774638279327 1.30702048143326 0.567174049249728 0.138365908679627 0.7863490219305 0.895163118357357 1.56741176711656 0.592141597157646 0.103266155469275 0.462075628249788 0.71594927213765 0.886187181735248 0.452405414177893 0.326688886575765 0.704947426829935 0.424308847272626 0.334888506104885 0.183068714841958 0.878353758705547 0.278000007056403 0.374207627090086 0.287534108938064 0.263525680490806 0.539254897408265 0.130205220408906 0.429929120594199 0.285426260966697 0.549564691314665 0.188076654645421 0.557495468878778 0.102238022655526 1.00657606994372 0.531400164466718 0.738752387030564 1.29173982188044 1.04484466219591 1.02325249678053 0.167983662960381 0.560240651632909 0.424101409582897 0.908670501444759 1.04629831017216 1.83637462650887 1.37368024147611 0.337408397827504 0.979399248364985 0.75172761285554 0.309379928893634 1.73440968361631 1.14427837539061 0.349137630313971 0.547027128106603 0.531707121716088 0.598867014583733 0.265501307702132
