param m := 172;
param k:= 4;

param d :
1 2 3 4 5 6 7 8 9 10 11 12 13 14 15 16 17 18 19 20 21 22 23 24 25 26 27 28 29 30 31 32 33 34 35 36 37 38 39 40 41 42 43 44 45 46 47 48 49 50 51 52 53 54 55 56 57 58 59 60 61 62 63 64 65 66 67 68 69 70 71 72 73 74 75 76 77 78 79 80 81 82 83 84 85 86 87 88 89 90 91 92 93 94 95 96 97 98 99 100 101 102 103 104 105 106 107 108 109 110 111 112 113 114 115 116 117 118 119 120 121 122 123 124 125 126 127 128 129 130 131 132 133 134 135 136 137 138 139 140 141 142 143 144 145 146 147 148 149 150 151 152 153 154 155 156 157 158 159 160 161 162 163 164 165 166 167 168 169 170 171 172 :=
1 0 1.72182048061696 1.37870781416613 0.393545951461885 0.390556020780196 1.54601026403187 0.652461689688157 0.643927761572314 0.499832179155036 0.351843757137611 0.21179063947623 1.13120029544807 1.04997766608176 0.22243196083756 0.305848399031781 0.590204288525335 0.346766193598732 1.21925504284756 0.903254381405367 1.03308416023956 0.465585232000206 0.458971343054109 0.963197847846711 0.285663775420113 0.761187424561274 1.22320676293204 0.954618221052891 0.684011091613186 0.389299884189074 0.469254519189434 1.03959034159438 1.20315226908881 0.211748023437523 0.089172533274595 0.247317215548317 1.38777518507336 0.423804734366707 0.239808783366759 0.132857369374587 0.648460995983864 0.103341642023642 0.232694054913524 0.384233994676506 0.415610693212559 1.42329977993131 1.37379180224155 0.0388557438895678 0.231740428990931 1.14365031810363 1.29794664911783 0.412766325183494 1.53499485081901 0.419198430701124 0.233820660991286 0.0848581973958899 1.03403829426308 0.395395346382019 0.252154189311922 0.291428193464461 0.291391706687019 1.03776516423821 1.27919121785263 0.349575700522123 0.517195016194717 0.962792393936544 0.84840700560164 0.615928410434771 0.220083234808465 0.0506878856854757 0.418427839630729 0.0915194613380263 0.148203185470984 0.543169790141092 0.354796426387606 0.153209306634098 1.01458203029034 0.308667786313054 1.03699450170951 0.753867184344672 0.287152797247827 0.379659840277263 0.347454280154285 0.366225865413047 1.32959129642737 0.0284950499874908 0.885239222803609 0.860524732367113 1.32331744919301 1.27103814342879 0.285234503738179 0.133089723278595 0.336190753732507 0.158884581797418 0.795114979379798 0.257351285505582 1.46410968750467 0.26613071141315 0.440314131726995 0.455316580846271 0.916705511074211 1.4029997856561 0.872082607384969 1.20324940931965 0.743086800072308 0.252029612137121 0.832769054625299 0.622481737403127 1.4757955003967 1.31849497567105 0.356009708709978 0.208501052774172 0.537862497546182 1.00113443385363 0.693244073860738 0.61202889642243 0.584016544684399 0.989935106327335 0.597154835643155 0.615309147031235 0.186034200060026 0.0361446258030672 1.1567345490437 0.196904797347863 0.330708136203227 0.236199316199126 0.249078215285414 0.212968898201314 0.216976646210092 0.285350692079638 0.179528603448515 0.147251897855642 0.154209284284757 0.16328025190552 0.186214143821047 0.835228258108659 0.312346415420985 0.354157621399068 0.299752337570683 0.308522232508961 0.571852560593455 0.28180278822521 0.274360812287024 0.251762303983112 0.949802329236272 0.295347586243447 0.614118055170962 1.18247930080741 0.760794608738588 0.774180732208028 0.1177168687937 0.368403175294933 0.467211536659759 0.83672998554893 0.640499799140881 0.62709967684863 1.3318730696679 1.55095536104026 1.19836589840756 0.131584334100954 0.694493812297846 0.471688281841134 0.543211024080766 0.919672770968826 1.62218192647163 0.859056781228023 0.232229937494255 0.0651534863754999 0.266176128844659 0.273826241900058 0.341095354860392 0.457239731365799 0.490445028628426
2 1.72182048061696 0 1.02088866765554 2.04743011380804 2.10615206469621 0.197254676804773 2.31477121828465 2.31794581580734 2.16945936843391 1.98521540398767 1.89649672851881 1.2879176979537 2.77177934539355 1.90920642979512 1.8917675891632 2.07281607970168 2.06680109233341 2.92239030009638 2.57176563936593 1.05163901098673 2.12674595821874 1.27047275891537 2.66430944275692 2.00379280828787 2.42435331332908 2.90961196022577 0.781377008696281 2.34632631993948 2.09428920683003 2.17014149790113 2.74301737840097 2.88225267350952 1.93268885019481 1.76533990638023 1.66631268308903 3.10908538254836 2.14295165509067 1.91061584872455 1.70573092331813 1.37258294935721 1.68899160403891 1.78387206919188 1.36388099132804 1.3260596856882 0.298709361842207 3.08794233697154 1.70904160885746 1.81004571056939 0.691623492405519 3.01967071569622 2.1190911548318 0.511020122698668 2.13521221992841 1.7033790753364 1.64749425120406 2.75020259555803 2.09575803294015 1.81216120433163 1.53707852058801 1.96751836238537 2.73148996884802 1.0816133158417 2.05528528558687 2.21324249891227 2.63286832987545 2.5135390419132 2.31708245572848 1.78935022943372 1.72236941808478 2.06189496608437 1.63961442581139 1.86997187685059 2.20158930098881 2.05450643685191 1.76389127779541 1.16243271915403 1.99306906980047 0.723283136891586 1.07564963815327 1.94907308562824 2.0204232433422 2.03369027324124 2.04750154366438 0.573012392507103 1.73056095430721 2.58847492120324 2.53091810902576 3.01268790034719 2.95122834412656 1.99231321867671 1.75172619369071 2.03215657469274 1.59445286497471 2.45963755604056 1.95778359692799 1.88274720578951 1.79340878695126 2.09561379166196 2.10039318334156 2.3789045639644 0.472745449845639 0.875936305066949 2.01047561275253 2.38107622148435 1.92442749904934 2.24874415397454 1.22963880942931 3.19567047807699 1.15855902584417 1.54859158402623 1.91123508634767 2.11265185679964 2.71802878415574 1.56891273965306 2.25510321320451 2.2516018663856 2.69489517648781 2.25527516706567 2.31476924238414 1.84950505068493 1.68582313839257 2.83124172906611 1.7751029532974 2.0045604880717 1.84242828416698 1.78783842211786 1.7761886921502 1.80276524562795 1.47718453578427 1.8806796466404 1.5750142212956 1.78027631613325 1.74851680002888 1.74248847156193 2.54847313707986 1.95083677883924 2.06973241538735 1.52675652686492 1.41458749346159 2.27609063344119 1.96939570222401 1.83865082453701 1.96816234419257 2.06310036269088 1.49924253019828 1.78308258493457 1.97947596261311 0.962662701310489 1.28425070345149 1.8374928164521 2.0186686852491 2.18206338203767 2.51792871644837 2.32944317171995 1.09518332579273 3.0393025916369 0.270862016638957 1.67597448953983 1.67827355862551 1.06581681922892 1.25210179432759 2.2505764946543 2.61476477562319 2.18164227722191 0.872969879373791 1.72106263608785 1.7869178238736 1.45694003996468 1.54508667796833 1.41850790495007 2.11517557544929 2.13793685998429
3 1.37870781416613 1.02088866765554 0 1.77217153880729 1.74046469961872 0.85131077882919 2.02737414799154 2.01542031180162 1.87621142586135 1.72716373668675 1.59049844447238 0.360569330622241 2.3068710054458 1.60104328706275 1.66274539389272 1.42793309189736 1.68797503823346 2.54489735068056 2.27001064458611 0.347422586452029 1.84376237348234 1.10532539640838 2.30206277534323 1.63949104008584 2.13349477416035 2.56888625687207 0.725610999498539 2.05826594717935 1.75364080748076 1.83258080644815 2.37192758348826 2.55547472594979 1.56430808326576 1.4595633981468 1.47916222567999 2.64365617158648 1.71097276056001 1.61799304257928 1.44429240332449 0.753998358754192 1.41103668306849 1.55973238038321 1.20172303957923 1.16889521908831 0.866306946518755 2.66932152583494 1.34660237655651 1.57460039034062 0.511006071355203 2.53632683846045 1.77436289172152 0.517848975254563 1.76576990518406 1.50255528165865 1.3443915643366 2.33862231947845 1.76308349277457 1.58847176004207 1.09337775536063 1.67003562627968 2.3823883011185 0.114892782597552 1.7157207531825 1.88184816440006 2.32724655658458 2.21796411544357 1.81273848014345 1.31242214776204 1.40919614358184 1.79665098346938 1.28897747087042 1.50280839131815 1.92071693998768 1.59235142418111 1.49909492207465 0.375722658975949 1.68621608759966 0.643700791766174 0.663692515440903 1.66523676509255 1.75698393404939 1.72361754641861 1.74308412620826 0.484191200590064 1.36971907418511 2.05585147663403 2.22754102994637 2.66312377824271 2.62067361442709 1.65428656250928 1.47912524916005 1.7092898269428 1.21986667056747 2.16617602805873 1.63193537257749 0.872157121726641 1.58580906876719 1.81899154886602 1.83392331556354 1.65040772733049 0.56620881378059 0.712464929975346 1.07261510786263 1.78445255178278 1.63052503366142 1.51910244849384 0.76143981566585 2.74161938946631 0.151028862166937 1.04905718371096 1.5843193995074 1.51785794404769 2.30489192381236 0.845239735358681 1.68557425119199 1.95906305778224 2.32205318646113 1.7013410443086 1.97229961581827 1.56084748414772 1.35184174323309 2.51351500509739 1.53262765560276 1.70918766187225 1.36196551837883 1.29348826419299 1.54301425393853 1.56132444385693 1.28348657554505 1.55697043579554 1.27057114852868 1.34322779572878 1.49503805128766 1.50440977154392 2.15920654174235 1.68725306989847 1.70723316594592 1.08380285752677 1.16406658600039 1.92617769414672 1.65936762766388 1.3332032564343 1.61254210402413 1.22981136163165 1.32859045935372 1.08268838873447 1.04440588216007 0.855204282349394 0.620368967927039 1.48597640444039 1.74658694462938 1.72887046399312 2.1986643043266 1.802533897597 0.966265784474262 2.64562410705013 0.751976130502653 0.709182901682798 1.41837755201986 0.775094527522214 1.06730914624209 1.76846556073204 2.26738154166487 1.17078951326247 0.767619862923903 1.51559274062815 1.43007685292162 1.19269587748233 1.10992051388547 1.24869206761279 1.83573216086114 1.8691473017518
4 0.393545951461885 2.04743011380804 1.77217153880729 0 0.178742916692646 1.8834206625487 0.270416420721301 0.270667060804876 0.122158855445879 0.0645135521785339 0.181875098430425 1.51963848094321 0.779239591441197 0.171883557724055 0.162231266233699 0.757545319472049 0.204818336294394 0.876761195233442 0.528150933426671 1.42623344772854 0.0794691762750625 0.783252868741453 0.619638112600922 0.193583090840651 0.381261970920834 0.862752347559143 1.30758621159711 0.302468988231002 0.129201347203567 0.156494585964859 0.698784575892757 0.837023163623174 0.242104537302459 0.314490564478615 0.383819269437144 1.09209500487637 0.313229521396607 0.1544552095399 0.35010937127643 1.03822851909307 0.375577067603305 0.264286530525369 0.684992834384749 0.723514365293453 1.75264900296157 1.04963098183361 0.426828485236905 0.237489342219291 1.51544261739038 1.0204472081259 0.142480915680966 1.9078847923446 0.191693813726913 0.345766354170071 0.435205258645012 0.721133566459977 0.114549294544405 0.23717516456915 0.682858865178957 0.10334644661623 0.684268301825721 1.67267660438923 0.127448280109892 0.181934935992724 0.589188314809657 0.470700288599326 0.506231184126242 0.52131174086624 0.364935963054974 0.0280247565356143 0.48335931494034 0.287411603697419 0.156648933348168 0.375594758019689 0.290486497512095 1.40769662690273 0.0944723207136675 1.39746331535362 1.13978582770716 0.107675399084297 0.0315336797908988 0.0745578034662869 0.0584695472678075 1.70123962411275 0.404306442279252 0.714838111318544 0.486239707362217 0.965588593714855 0.905961768505359 0.149682246489031 0.306761201468715 0.100414632719401 0.552315058061783 0.416425536186578 0.152838530498684 1.8030872788214 0.259706115261256 0.0491965209444338 0.0617724687892184 1.00841275085631 1.76798466580117 1.2340772145765 1.49880243557296 0.7148706925437 0.141677849088184 0.972244878537703 1.01431436336544 1.1688681531569 1.7110810272658 0.740479770488038 0.193848288315535 0.649224622421567 0.691727943092238 1.05705349231066 0.615247408828474 0.204742473274573 0.652175431762823 0.582836773914084 0.278245924924642 0.214101153445092 0.420779469344168 0.787277228996472 0.272905107586213 0.0670128916265549 0.493901926679487 0.551114335150283 0.271241424799477 0.244755467348829 0.571987718925537 0.217667980392985 0.512595327934463 0.464437617962878 0.30260947587302 0.305635703723461 0.519925816723049 0.0966631742236413 0.171674110974655 0.691719245424611 0.655192356943101 0.249891863005561 0.118896259796006 0.540071948874337 0.196436023652322 1.20014744207178 0.548214714281295 0.925231549695122 1.48296576656873 1.10676022620172 1.16609784864549 0.293115928232828 0.0287963979021756 0.3622390584926 0.470694303592476 0.554370131116649 0.963998403489028 0.995161707511949 1.90109087197197 1.55271654964139 0.378352420877292 1.06827198007311 0.807834402594087 0.438039325989097 0.568259858686392 1.92600513378741 1.21238828977276 0.327963276113028 0.34627289201541 0.615808827703561 0.665581376078797 0.629662166434125 0.0683709668340603 0.097716593310432
5 0.390556020780196 2.10615206469621 1.74046469961872 0.178742916692646 0 1.93337681048127 0.303701372820414 0.283728804390385 0.179605913637603 0.219795039688738 0.21795913194514 1.46189200155765 0.672381493130472 0.205717798798125 0.299105775373553 0.60121825268092 0.0541666624915977 0.828975414910643 0.530105473185976 1.40028211594749 0.178254490702756 0.836310555825407 0.573872290067767 0.105203242418895 0.399657187913594 0.836573272993847 1.34423579320105 0.330946598814667 0.0500779627684416 0.0988461422274804 0.649546218991292 0.819053523557584 0.18116379827035 0.341176478486581 0.48249899238032 1.00426540981614 0.135137249014451 0.215427952662236 0.407712134081796 0.990269543057837 0.419035848142905 0.367904197165885 0.748040978616735 0.784126965794263 1.80826564383353 0.984097211691363 0.412001059684659 0.339407537295349 1.53342257098078 0.920053774727249 0.0486300106978681 1.92412570670016 0.0290634528180095 0.444843747446368 0.45921680581075 0.644829647297467 0.0663212106482395 0.349628296362899 0.650292019929649 0.170388849628253 0.650144900978878 1.63559159734231 0.0648052064664655 0.146259773445429 0.586810461740111 0.479817480386103 0.33128235815116 0.437892421617861 0.384016699661133 0.198729686134897 0.479850654641702 0.245786500090915 0.224540350496878 0.218353053048733 0.354586347281132 1.36806285906008 0.143433198982474 1.42747181670947 1.13838408316724 0.197855137536383 0.203172739129808 0.118659163120256 0.124266032387998 1.71920448790347 0.38857653616722 0.560032138344818 0.487897072038741 0.935355185236854 0.885976218672569 0.116639183629826 0.361947809284984 0.100201483152739 0.539781444370949 0.430052008955761 0.153551953033523 1.69046617148027 0.37824816799578 0.181167301826722 0.203286211786837 0.833349809609871 1.79344337464309 1.26255970512424 1.36631146673548 0.53634487749 0.203865639862667 0.804137998014267 0.999151268553301 1.08957227404051 1.66570605016633 0.691779471784323 0.196295186806623 0.485230617304944 0.612288547986061 0.974129188370226 0.43747675597354 0.241286943918603 0.599748535252091 0.404546396654459 0.231912741105768 0.268146900363235 0.425342674033403 0.774877957216568 0.359125212410981 0.153322696474071 0.396664030001249 0.462971963978548 0.365532484165978 0.339184303110005 0.636584078270777 0.226350430780822 0.533852001917567 0.397923081607698 0.373649168527575 0.387870533620967 0.44486995251383 0.223753849009845 0.0365354687046106 0.660405526575243 0.692294851628917 0.186077988597391 0.155792164826508 0.437427125280983 0.139006889674199 1.05492183276816 0.625169143751171 0.812308323673942 1.35285140377313 1.14849169455026 1.1227039346789 0.272841290662267 0.187813160801578 0.183502721110549 0.458201798030533 0.377741207030414 1.01137767216535 0.941318237343429 1.94076394266312 1.45343044276515 0.43337251945547 1.08456362965143 0.854129057385524 0.260676744179506 0.532568209944651 1.79343574568903 1.24856317263303 0.428321118990457 0.327640294986404 0.65014810965369 0.634796727740669 0.696321887238049 0.181167256265447 0.212231633763401
6 1.54601026403187 0.197254676804773 0.85131077882919 1.8834206625487 1.93337681048127 0 2.15254009303653 2.15403929995516 2.00496864133215 1.82228197909539 1.72705548968557 1.09924427175536 2.59476982943808 1.73972680247631 1.73074010301857 1.87956799075352 1.89232544826562 2.75493904306781 2.41028307352527 0.85706892882005 1.96288768965366 1.1014634540276 2.49682995441722 1.82997099442047 2.26281363858421 2.74612709618956 0.595985113918737 2.18434324595332 1.92387846969572 2.00090205377215 2.57513615239127 2.72017846889881 1.75759566536895 1.59385685356007 1.5059670800207 2.93366186496834 1.96441811481234 1.74278703750353 1.53777653294076 1.17619194400544 1.51898046323181 1.62153587328874 1.1984321485684 1.15992832704343 0.141903991573071 2.91705659926221 1.53127495500764 1.64688393983078 0.494400526500154 2.84218019426795 1.94854943449518 0.367160073807624 1.96238464861326 1.54219534169961 1.47416375716753 2.57818680477385 1.92618153948766 1.6503909976259 1.35024732340517 1.79999040425956 2.56590483195357 0.902442967210146 1.88452335603347 2.04511216284896 2.4714374783186 2.35227002902453 2.13396254783244 1.6036268041013 1.54941838541063 1.89920859128716 1.46171868463918 1.69416314197938 2.03886046734754 1.87262340735626 1.59665101788339 0.968347129030935 1.82489677594953 0.531018300218773 0.881385182577229 1.78275139793759 1.85737728133791 1.86571163153628 1.88030186377201 0.384521379982722 1.55327983518459 2.4047534352336 2.36890399552533 2.84882448777129 2.78915620099354 1.82092463512067 1.58343343581613 1.86281908940941 1.41371523683347 2.29812772764316 1.78716998661716 1.70179977297019 1.63318636669931 1.93207973111992 1.93807124701336 2.18337560641725 0.288365440164021 0.687909234596688 1.81734774283783 2.19185359202711 1.75666590117188 2.05291073266477 1.0362267452987 3.02171912096459 0.982457265616022 1.35852448416825 1.73987312698545 1.92214347734842 2.54565832816333 1.37175683606428 2.06694099816033 2.08811635234015 2.52650414483197 2.06814523856948 2.14649746584786 1.68115976652296 1.5102496173361 2.66987002391639 1.61051921179742 1.8377668906551 1.65704059299682 1.60091365706542 1.61267513719015 1.63879417662314 1.31147797856278 1.70920202591641 1.40011523865791 1.5973666151375 1.58222699767762 1.57779233741587 2.37734360044525 1.78677531855655 1.8968601498067 1.33981178403807 1.24113091656397 2.10666725741093 1.80056941928274 1.65151755611583 1.7947348733457 1.86594900857808 1.33680448431153 1.58679466962164 1.78623520604259 0.785240811764932 1.08701035206195 1.6626859639726 1.85462495597167 2.00206145974412 2.35400799963101 2.14468735709539 0.922752719037903 2.87077156773038 0.114468971200672 1.48718469164251 1.50995093729818 0.877639240667019 1.08027738217296 2.06874328531805 2.44852242109508 1.99995585001421 0.689835321956256 1.55969218725176 1.61086908831404 1.28323186266034 1.3589561558702 1.25387160231745 1.95157105983449 1.97582369314266
7 0.652461689688157 2.31477121828465 2.02737414799154 0.270416420721301 0.303701372820414 2.15254009303653 0 0.0337962631594141 0.152985015662005 0.330282403842438 0.443360604696365 1.75963333650348 0.577270656193497 0.431685981246818 0.423110262720956 0.879169459035993 0.357558979560215 0.617195492369886 0.257917679857016 1.68349195208819 0.191478397420802 1.053297897267 0.365986658707772 0.393257080799816 0.110852403375341 0.595032975329912 1.57799743488581 0.032075098141531 0.277880265716067 0.204883651235266 0.444221242939877 0.567713914094669 0.465627074859994 0.579919571066277 0.648563213932815 0.857206786602476 0.397703348044265 0.420333351706101 0.620406375338721 1.2832700249934 0.644972791375935 0.531174763045516 0.954287294807751 0.992973369102798 2.02092975508269 0.797802243617543 0.682122965254355 0.505660183204735 1.78490962809228 0.800245958909388 0.260719312154097 2.1773679763726 0.286059566076364 0.611392361904204 0.702270021587429 0.48741279817759 0.26633693910938 0.502650124727528 0.934043076969819 0.364119407730981 0.421746508558378 1.92510329652351 0.313528670066248 0.158633202491517 0.319035849656411 0.200293837345043 0.498587159819806 0.738770402567549 0.629742402295191 0.253337970649457 0.743834464872192 0.525155472384882 0.11388021112954 0.511075685024393 0.560776040404555 1.65835601730051 0.344153294780386 1.66779544644018 1.40494516066054 0.375734475243692 0.295252140757207 0.305015004691749 0.28636886735966 1.97081963334029 0.658709564415116 0.607385321442515 0.216364985140607 0.698277916352452 0.636703494933901 0.373289023382106 0.57662103325214 0.318110602928584 0.810588270337835 0.146016428814782 0.395986224829096 1.99121145755432 0.521723314838028 0.221281023498531 0.214505206584131 1.05735235755704 2.03821186946105 1.50427574019524 1.65870050121492 0.718684231777995 0.406698320996628 1.05495218957252 1.27474949988666 0.925306061345247 1.95905316740048 0.983597607545987 0.444310997579643 0.755148171438153 0.462864556435319 1.27695694080457 0.660751572134099 0.0684652627323228 0.401686905508714 0.624130768921746 0.125251616811887 0.481880631757134 0.682733122498644 0.517378541871189 0.542642777554142 0.324431077069164 0.699605712234147 0.764997486450149 0.539909713167627 0.514000708028286 0.841588008523901 0.472935751582424 0.779945846028238 0.693364513918891 0.573007393406974 0.575357536489059 0.303079321607012 0.366537037239425 0.330537915604599 0.943575447314728 0.925307721181615 0.154944184253926 0.37091411505054 0.741005845323994 0.416492946470104 1.33884409607435 0.816044151519901 1.11463344088583 1.64676643981405 1.37711107919671 1.4141458945594 0.541582991704307 0.299050747019414 0.420875702719917 0.205459169562199 0.550773552266741 1.23418525555354 0.737092484781622 2.17126771312869 1.75683022610962 0.648648378101045 1.33700282618569 1.07819622110867 0.459594007437491 0.310585541433683 2.08447092086114 1.48280456703815 0.593715793266997 0.597738955415492 0.885611315647177 0.917453703462626 0.898711828024888 0.202069609490954 0.176850457621862
8 0.643927761572314 2.31794581580734 2.01542031180162 0.270667060804876 0.283728804390385 2.15403929995516 0.0337962631594141 0 0.149272828173845 0.332858935145862 0.43730280049054 1.74376408017364 0.55311678164038 0.425277536406115 0.428044011322888 0.850621203465625 0.337883342397409 0.608550792702837 0.26020349034057 1.67244292717304 0.191241154220986 1.05350535818819 0.353863578669816 0.377665755912353 0.118075443462935 0.592097198252224 1.57668813373707 0.0487452092937384 0.262417484074353 0.185840890995807 0.432817685609624 0.56686569649496 0.451594181772737 0.574292424540008 0.652872386995366 0.840426230012728 0.370562662470553 0.4161065776051 0.618710637698004 1.26909396982909 0.641758566080714 0.534218065551869 0.955630538481825 0.994113025723512 2.02330411440917 0.78604065948888 0.672321349843505 0.507901086965401 1.78076599190781 0.780080555375902 0.243328909549337 2.17314865652498 0.264014211622061 0.615220079884297 0.697050514735331 0.469213871663676 0.252359392456774 0.50632638274248 0.922147383506617 0.359133974259575 0.414519781536198 1.91232638314923 0.299742248803012 0.137469126232065 0.320654095314944 0.204517377390094 0.465443186792646 0.721005126787452 0.623583352497612 0.256579194118518 0.735443209427817 0.512617583349781 0.118099230455345 0.486157907377806 0.559187627140149 1.64524295454129 0.337418434591179 1.6655044497967 1.39753752095216 0.373017331016944 0.297639169223932 0.297268449718325 0.27967548613592 1.96678513882783 0.648779776939822 0.574851703063759 0.217654142501332 0.694924292963524 0.635728572004117 0.361502768097729 0.574169096710267 0.307915041513717 0.801194897113009 0.151274802337944 0.386617242218437 1.96695368736986 0.526823584811078 0.222336498935356 0.218945886247404 1.02467992469882 2.03545467327519 1.50156630207446 1.63182108049603 0.68527819191539 0.402296210560519 1.02365109574688 1.26525685695161 0.910986075571303 1.94499291575909 0.969566998037206 0.435427768282875 0.726000160141009 0.443311980131236 1.25785400544604 0.628769799401001 0.0666878106975422 0.388404186694964 0.592120702804362 0.0917546716377751 0.478069405361546 0.67513897654347 0.517763549953065 0.543529646282552 0.319805348035769 0.680392736943431 0.74654333403854 0.541822021936254 0.515416031980492 0.842568196398129 0.464776721270591 0.774707491105616 0.677752326623897 0.572429548716422 0.576252021775183 0.279379099581635 0.367330152581629 0.312711780226352 0.931839042583388 0.92272213667288 0.124064062341121 0.363826985174121 0.720886914241473 0.402975542406351 1.31056734798502 0.81870558795782 1.09164578917978 1.62025676928934 1.37633091946472 1.40055657320363 0.531043377458083 0.299461138178211 0.391469790408996 0.200031382283906 0.517553438176839 1.23401666887096 0.727855278651293 2.17099987530784 1.73477120708701 0.646896625220674 1.33220712525085 1.07745172245487 0.427715871117431 0.300168345000523 2.05715141753584 1.48129636658715 0.597452873690133 0.587428894960592 0.882497573158079 0.905792720391779 0.900327078630456 0.20277118456675 0.182483216406453
9 0.499832179155036 2.16945936843391 1.87621142586135 0.122158855445879 0.179605913637603 2.00496864133215 0.152985015662005 0.149272828173845 0 0.18568754440078 0.29037657065356 1.61300149579276 0.668146107204766 0.278709749580101 0.282600887573105 0.779803115684951 0.228591455305105 0.754662783843626 0.408616613499668 1.53175316506614 0.0440607398809227 0.904267949380161 0.497755751405375 0.251013801373174 0.263090862002733 0.741179233039384 1.42748969503061 0.184849754993551 0.140122778790512 0.0941855111207651 0.576922998047828 0.71613588046337 0.319143272361882 0.426997758160963 0.505813407578846 0.974044323490578 0.302493041343721 0.267716564456186 0.469498945679567 1.1346192174983 0.492976467285881 0.386425369554969 0.806629411085733 0.845048634785969 1.87450442402577 0.928380979570208 0.530069798620856 0.359632908850081 1.63257836822769 0.905726717754303 0.131105617116481 2.0250177808803 0.173099976133543 0.46784004050167 0.549456411350293 0.602360932541632 0.125205872864845 0.359125653365854 0.783274405266609 0.211227863623464 0.562136033124293 1.77465723006091 0.169522447034841 0.0836086034781066 0.469390695272941 0.351893091859023 0.459426338231342 0.59751881951828 0.47676969112565 0.111765083440245 0.591112052313933 0.37601030120388 0.0471210135417074 0.39791126361315 0.40995095525857 1.5083100875697 0.191278073707277 1.51652388459881 1.25197246029733 0.223918406168839 0.150701948071472 0.152673148337147 0.133606421682223 1.81854465532749 0.50676074661688 0.633114246185711 0.366311483733666 0.843867752389659 0.785001395045195 0.224374044297625 0.42510301801584 0.167855644081925 0.658220988966846 0.297817679581403 0.244278521276496 1.86564839994886 0.380948752576845 0.0755409503984656 0.0790349186301302 0.996680384913767 1.88663946336384 1.35271148144789 1.54536991369426 0.678635514313676 0.254005169555115 0.976583590497993 1.12227553222994 1.0491156276914 1.80992656737546 0.835088197179941 0.292110973742968 0.661708245607842 0.573766835943241 1.13700906699099 0.596477127932215 0.0849412470052955 0.530633208170113 0.56125177170094 0.162807163436385 0.32948913752079 0.52983725710461 0.66691360925875 0.394571777714637 0.17159095324998 0.562157527948776 0.625194262156851 0.393306148409203 0.366697508334684 0.693496219375939 0.320329533987477 0.627142372612747 0.548034105438638 0.423167675956784 0.427270606928885 0.402896120631651 0.21862927354808 0.196719237491782 0.792658593333164 0.773773214844519 0.144709073428503 0.218091181894638 0.605735690192911 0.269705436259885 1.23447782436655 0.670297959883181 0.986418118311132 1.53159985871493 1.2270718292089 1.26471365238195 0.390289646806403 0.150847108439565 0.34061048627662 0.3490548437535 0.511019521170244 1.0847476612715 0.873188935731554 2.0217274138444 1.62404867815937 0.497698668962669 1.1843921482071 0.928184935392011 0.401880201758505 0.446123705716213 1.97261455045448 1.33212662474386 0.450039722121764 0.446140648206207 0.733732458920118 0.766496749483268 0.75142707798992 0.0563760491414472 0.053857306411968
10 0.351843757137611 1.98521540398767 1.72716373668675 0.0645135521785339 0.219795039688738 1.82228197909539 0.330282403842438 0.332858935145862 0.18568754440078 0 0.14631152003283 1.48264127389798 0.842801493553589 0.139588038889043 0.0977237322419014 0.767418803653125 0.232676975533117 0.940227102170323 0.588144154820363 1.38043529469963 0.142084754961912 0.723314821504816 0.68344327778901 0.203428581220693 0.440770771739538 0.924456673403324 1.24888337742065 0.362146788120833 0.174191960950321 0.216822698011076 0.762610193597673 0.89790547976226 0.23249259070134 0.267720720641507 0.320252132775118 1.15658268402112 0.348854325785048 0.114656537272856 0.293828667180126 1.00009048574384 0.321883251079288 0.201371656854771 0.624007653025063 0.662709482791733 1.69091173243354 1.11383242389214 0.387430016689623 0.175405763700298 1.45964704397749 1.08457062323183 0.192711814542734 1.85194421488843 0.238338220038198 0.282430072692241 0.384731231802801 0.785647098303532 0.162808247707597 0.173579423010123 0.643215468201537 0.0831637316257846 0.747159039922404 1.62929538773565 0.158661072767306 0.245690285105376 0.649284446224515 0.530293840825676 0.551076271710167 0.501667762263582 0.317991776086286 0.0769551811827931 0.439013799084532 0.26524853358001 0.216590891605639 0.392958581114473 0.234674651075095 1.36564712749463 0.0932499104212545 1.33970781121086 1.08887166343033 0.0698714436061144 0.0352200084121121 0.101491236296412 0.0972152003660855 1.64519919965666 0.366029238219067 0.770376978185845 0.546633689019537 1.02748100667722 0.966887916529683 0.154023764917706 0.252512407907751 0.123957196007944 0.509004702617209 0.476064411274891 0.141261865731401 1.78554298282605 0.195388370996922 0.110652094979437 0.116027701941902 1.0336595378763 1.71054515523911 1.17687485513817 1.49132524747162 0.753184436118125 0.105130402430276 0.989773177269876 0.967221573688791 1.23335787280254 1.66995194170601 0.705002471388148 0.169326331513567 0.665488086223041 0.756226219601321 1.03036228297971 0.646994775057962 0.266401776541241 0.716227125470947 0.616268934235385 0.342726253357146 0.166584201265633 0.375918551391092 0.847659244570372 0.212746185659653 0.0703181665980079 0.480263611805506 0.532454579358865 0.209627309405342 0.183841232677358 0.511379005012574 0.186219810074647 0.461214084708233 0.440502622663507 0.244735163149153 0.245384473571491 0.584396093132452 0.0399136878212397 0.203171477051371 0.651594872234469 0.598718318056688 0.313615865107546 0.106250618506785 0.527275230785704 0.194446121016462 1.20057725352325 0.486060617425608 0.9112755731728 1.47433036511961 1.04762935780489 1.12597306638875 0.26298013690857 0.0381531341250615 0.400428465835335 0.53274237120128 0.597242942049778 0.904340309858169 1.0588577479928 1.8413139569753 1.53021353068612 0.321930925284112 1.01380415920596 0.748860124641546 0.479985223877784 0.631628373818487 1.91766981651367 1.15392844227467 0.264647248103215 0.311740491361547 0.560217910772605 0.625648801853859 0.568432928591022 0.13022256096042 0.153878296376543
11 0.21179063947623 1.89649672851881 1.59049844447238 0.181875098430425 0.21795913194514 1.72705548968557 0.443360604696365 0.43730280049054 0.29037657065356 0.14631152003283 0 1.33906502992543 0.889525794273072 0.0127141798602634 0.141581271986928 0.652351227039816 0.194690773434283 1.02809138361424 0.697498685891277 1.24479622215917 0.25439299086745 0.626214685552761 0.7701190853367 0.1345426680872 0.553222268852368 1.02432851813098 1.14332586478182 0.475209261519962 0.198236072882233 0.273865963736987 0.84819099658184 1.00183137199897 0.112633294975228 0.137004218514595 0.266992680745172 1.21865633311596 0.307238346829279 0.0322958855502422 0.191731214692174 0.857108277443769 0.208104692865746 0.159956771135089 0.534119412198235 0.571129051023396 1.59950860164348 1.1914741690612 0.245032210904595 0.133864331273136 1.34370389995963 1.1367557608387 0.223118948213434 1.73601506174774 0.246241589895857 0.230396500918315 0.259820948468753 0.854552259895096 0.199279797357968 0.150242344486241 0.501192067653236 0.0798124000046575 0.841074747426101 1.49081448737697 0.160140394602815 0.318507097474067 0.757796097358153 0.641521550429839 0.519404003874282 0.357997562763581 0.186431376568328 0.207276220998102 0.30213682558729 0.123581198175787 0.332419733498182 0.304313221665328 0.136751208769688 1.22583951844243 0.0999502177501028 1.23032084272141 0.961656237683003 0.0774332250641045 0.170065892615564 0.14056802021746 0.157628660540893 1.5297557863739 0.222689541116601 0.76922976574104 0.654906318625356 1.12588291338803 1.07032356476826 0.101620033110518 0.145578375854209 0.135774633345176 0.370652625745583 0.587693608709985 0.0644408978470011 1.64104465743818 0.179510019968804 0.228562418052999 0.243639828351899 0.942332458771807 1.59947367281263 1.06591813781629 1.35294243187565 0.6962713727371 0.0415220251746875 0.884594073976705 0.833538768641383 1.30186586552819 1.52932833935138 0.560378478099447 0.0377296275998614 0.562803375515199 0.822840708106022 0.884060854076613 0.576718824011288 0.375191008800131 0.799457077662165 0.55104412620167 0.419625080645904 0.0502784048972304 0.240058906660958 0.953921516804048 0.143973756000116 0.119428200405085 0.341021269419939 0.389149772706403 0.153019521985451 0.129126374888127 0.421538778791799 0.0406164738258481 0.337438554128617 0.295201497148172 0.15569542396794 0.170781276896532 0.652296261897887 0.10989506515553 0.18393877615576 0.50997266937542 0.488340986272929 0.37972521106183 0.0740832626284587 0.388181118618208 0.102676941684394 1.07020306037966 0.407787032176632 0.769363707177019 1.3350876751072 0.944546636199831 0.984465651595298 0.116805028872341 0.157498512940787 0.359947906140996 0.633996072720906 0.557735228510112 0.804387186939293 1.1437248580131 1.7392141579186 1.38432678921677 0.21855744088948 0.894955089629809 0.646906767659262 0.443721787813748 0.723104085738017 1.778242767156 1.04767458852788 0.214904806455935 0.166112884595703 0.44725941055768 0.483854981219993 0.481154308001838 0.245700868519855 0.278660769369428
12 1.13120029544807 1.2879176979537 0.360569330622241 1.51963848094321 1.46189200155765 1.09924427175536 1.75963333650348 1.74376408017364 1.61300149579276 1.48264127389798 1.33906502992543 0 1.98625665336826 1.34820098536024 1.43180937979082 1.08758335065274 1.40801750584068 2.23998926056207 1.99038145511092 0.27672970088397 1.58518051493679 0.964638412843623 2.00577975436149 1.36648505909744 1.86101249702465 2.27237002824408 0.761987364804501 1.78918870212215 1.48193058551312 1.55813339121689 2.07188720350621 2.26266227539509 1.29441253983179 1.21803229514731 1.27761032588935 2.31811335589417 1.41453369951207 1.36910650201678 1.21962188520169 0.482838793184125 1.18362572408149 1.33809578263069 1.04471034340171 1.01947656179833 1.07323622068652 2.35319493440533 1.09521131358469 1.34791899819243 0.643721023322907 2.20853284069561 1.50043557833761 0.823214782864446 1.4849249285526 1.29395264644813 1.11455994248113 2.02951613277486 1.49332022402764 1.36472225315236 0.839927826189283 1.41629585290937 2.08759457304146 0.249428530249794 1.44624703664933 1.6070998207139 2.04504416882701 1.9415176364266 1.4938545773335 1.02451096790001 1.16947035484829 1.54594352763633 1.04757963215777 1.23731558862234 1.65923612310897 1.2925414373024 1.26842223032549 0.183222082917808 1.42853984566412 0.718997716882628 0.545733790180625 1.41617799339038 1.50901688469145 1.46283374200776 1.48301142096739 0.715352159250524 1.11679026331231 1.72523236297234 1.94867641336621 2.36279833564899 2.32568961080631 1.38862860695977 1.24743701370614 1.4453037275757 0.977269925560648 1.89190607057363 1.37144070903534 0.621294258108116 1.36776587398625 1.56358723782311 1.58090489777662 1.29345452551259 0.815191100566178 0.703707351261322 0.733412013244962 1.44590554106929 1.38040419852705 1.1630947994523 0.569549307699542 2.4172062934735 0.228738086598411 0.779218992170992 1.32647433400751 1.18611257255907 1.99608988509595 0.512199091990741 1.35490299188443 1.69250294476654 2.02266134520764 1.37379990050303 1.69087537316041 1.31722945985125 1.11009865231473 2.22382930903658 1.30688390568561 1.45382159784283 1.06939793439243 1.00123599325776 1.31962564255505 1.33363345664742 1.10194047927923 1.3020022621599 1.0484834409823 1.06628117207785 1.26863777739683 1.2825678001948 1.85957208621154 1.44337512370922 1.4312245106513 0.831976048060946 0.977914112629197 1.64435520220188 1.40226287706664 1.03460881030477 1.34377667543659 0.869373623700211 1.1498562885122 0.741476140779553 0.703540598331038 0.808862630848335 0.363924038041929 1.22684420506663 1.49646731729817 1.42586273165903 1.91632154277881 1.47857589863641 0.874146477124664 2.33534764928058 1.01907989311318 0.388093526728037 1.19671267351721 0.672103566837356 0.926326000479911 1.45644366227051 1.9757396555714 0.912243576245471 0.759259808661063 1.3041803741041 1.17343371036576 0.99661439248415 0.857637549005749 1.08131512768896 1.57862523116185 1.61368468168634
13 1.04997766608176 2.77177934539355 2.3068710054458 0.779239591441197 0.672381493130472 2.59476982943808 0.577270656193497 0.55311678164038 0.668146107204766 0.842801493553589 0.889525794273072 1.98625665336826 0 0.877044712818846 0.939571337530528 0.918038671221697 0.706855016110076 0.316147559510521 0.443237709273547 1.98609659935884 0.710764659918368 1.50541122191618 0.281205555986116 0.770720265292215 0.514292250476085 0.403189770444524 2.00080122607653 0.558201852763524 0.694025220491937 0.62882277090898 0.256560666860667 0.425856073459245 0.839667391377443 1.01191346990313 1.14863814180675 0.341953854648149 0.631082025175445 0.882793979778306 1.08008680064223 1.55907203757858 1.09062899649109 1.02985440676425 1.4197198882951 1.45527888704757 2.4732150297794 0.370072181351091 1.06350145840195 1.00119490187252 2.17237197350215 0.248169730374573 0.669505432076537 2.55674578961946 0.643648753825705 1.11025641521407 1.1257851324006 0.146571735397668 0.697055545405198 1.00695866257362 1.26606185582852 0.830093647551409 0.314796327411009 2.19505000952925 0.730035837811372 0.597304672731726 0.426106160806422 0.471461651995324 0.494138583490563 1.01609105846462 1.05178151874756 0.777109723267051 1.13305506943445 0.901881030402613 0.658902300900957 0.732701193657045 1.02625124985852 1.93204416484832 0.802429343694337 2.0783407556292 1.76486812728573 0.8540884560193 0.810633748784365 0.765011458990931 0.756765731475253 2.35585720662573 1.04159781783056 0.287311611254494 0.449383344341576 0.448101911486417 0.454485526218547 0.78889359026437 1.03426644926691 0.759101737897305 1.18287811107501 0.494485579341572 0.825448206747313 2.04384683691579 1.03304124411553 0.740615954206929 0.747176379566969 0.89460526469784 2.43674446448053 1.91423371190201 1.66043908362642 0.579261887531805 0.869910779676503 0.965124690374765 1.61460262963564 0.436623531654935 2.20820012829455 1.28345804906827 0.868487085629558 0.804868630559591 0.144142416723535 1.47406204209798 0.637751526136439 0.610206016744858 0.250755148047984 0.614719033468435 0.505410046280183 0.939326503677518 1.0860055578318 0.427641939199722 1.02679723713638 0.799367465104741 0.962696956304929 1.0281745758909 1.03093409935302 1.00376707356633 1.30878309107935 0.898195064326713 1.1969412678068 1.0067711839685 1.04473066933625 1.05715503153576 0.274191573593095 0.866147000532041 0.707907860769982 1.27675273440148 1.35782446831104 0.529349750475159 0.82178270038532 0.982798684013374 0.806893702487572 1.32362068616329 1.29728147789537 1.25254744694358 1.6592408003698 1.81006506845026 1.69138877713142 0.93491250790323 0.804743109614931 0.597307675173891 0.419796953745641 0.50795653912427 1.67697317150427 0.370333675258293 2.59512035561255 1.86858284527879 1.10569734109207 1.72949727811143 1.52086121908578 0.542568105863936 0.327145915507364 2.05389619048682 1.90579674204739 1.09295690750469 0.98486600002086 1.31541939948141 1.25382595314263 1.36851228490914 0.723024708004198 0.71755138278162
