param k := 4;
param m := 100;

param d :
1 2 3 4 5 6 7 8 9 10 11 12 13 14 15 16 17 18 19 20 21 22 23 24 25 26 27 28 29 30 31 32 33 34 35 36 37 38 39 40 41 42 43 44 45 46 47 48 49 50 51 52 53 54 55 56 57 58 59 60 61 62 63 64 65 66 67 68 69 70 71 72 73 74 75 76 77 78 79 80 81 82 83 84 85 86 87 88 89 90 91 92 93 94 95 96 97 98 99 100 :=
1 0 1.82228197909539 1.09924427175536 2.59476982943808 1.73972680247631 1.73074010301857 1.87956799075352 2.75493904306781 2.41028307352527 0.85706892882005 1.1014634540276 1.82997099442047 2.26281363858421 0.595985113918737 2.00090205377215 1.75759566536895 1.5059670800207 1.74278703750353 1.17619194400544 1.62153587328874 1.53127495500764 1.64688393983078 0.494400526500154 2.84218019426795 1.94854943449518 0.367160073807624 1.54219534169961 2.57818680477385 1.92618153948766 1.6503909976259 1.35024732340517 0.902442967210146 2.4714374783186 2.35227002902453 2.13396254783244 1.6036268041013 1.54941838541063 1.89920859128716 2.03886046734754 1.87262340735626 1.59665101788339 0.968347129030935 1.82489677594953 0.881385182577229 1.78275139793759 0.384521379982722 1.55327983518459 2.4047534352336 2.84882448777129 2.78915620099354 1.86281908940941 2.29812772764316 1.70179977297019 1.63318636669931 1.93807124701336 2.18337560641725 0.687909234596688 1.81734774283783 2.19185359202711 2.05291073266477 0.982457265616022 1.35852448416825 1.73987312698545 1.92214347734842 2.54565832816333 1.37175683606428 2.06694099816033 2.08811635234015 2.06814523856948 2.14649746584786 1.68115976652296 2.66987002391639 1.61051921179742 1.61267513719015 1.63879417662314 1.31147797856278 1.70920202591641 1.58222699767762 2.37734360044525 1.78677531855655 1.80056941928274 1.86594900857808 1.33680448431153 1.58679466962164 1.78623520604259 0.785240811764932 1.08701035206195 1.6626859639726 2.35400799963101 0.114468971200672 1.48718469164251 0.877639240667019 1.08027738217296 2.06874328531805 1.99995585001421 0.689835321956256 1.55969218725176 1.28323186266034 1.25387160231745 1.97582369314266
2 1.82228197909539 0 1.48264127389798 0.842801493553589 0.139588038889043 0.0977237322419014 0.767418803653125 0.940227102170323 0.588144154820363 1.38043529469963 0.723314821504816 0.203428581220693 0.440770771739538 1.24888337742065 0.216822698011076 0.23249259070134 0.320252132775118 0.114656537272856 1.00009048574384 0.201371656854771 0.387430016689623 0.175405763700298 1.45964704397749 1.08457062323183 0.192711814542734 1.85194421488843 0.282430072692241 0.785647098303532 0.162808247707597 0.173579423010123 0.643215468201537 1.62929538773565 0.649284446224515 0.530293840825676 0.551076271710167 0.501667762263582 0.317991776086286 0.0769551811827931 0.216590891605639 0.392958581114473 0.234674651075095 1.36564712749463 0.0932499104212545 1.08887166343033 0.0698714436061144 1.64519919965666 0.366029238219067 0.770376978185845 1.02748100667722 0.966887916529683 0.123957196007944 0.476064411274891 1.78554298282605 0.195388370996922 0.116027701941902 1.0336595378763 1.17687485513817 1.49132524747162 0.753184436118125 0.989773177269876 1.66995194170601 0.705002471388148 0.169326331513567 0.665488086223041 0.756226219601321 1.03036228297971 0.646994775057962 0.266401776541241 0.616268934235385 0.342726253357146 0.166584201265633 0.847659244570372 0.212746185659653 0.209627309405342 0.183841232677358 0.511379005012574 0.186219810074647 0.244735163149153 0.584396093132452 0.0399136878212397 0.106250618506785 1.20057725352325 0.486060617425608 0.9112755731728 1.47433036511961 1.04762935780489 1.12597306638875 0.26298013690857 0.53274237120128 1.8413139569753 1.53021353068612 1.01380415920596 0.748860124641546 0.479985223877784 1.91766981651367 1.15392844227467 0.264647248103215 0.560217910772605 0.568432928591022 0.153878296376543
3 1.09924427175536 1.48264127389798 0 1.98625665336826 1.34820098536024 1.43180937979082 1.08758335065274 2.23998926056207 1.99038145511092 0.27672970088397 0.964638412843623 1.36648505909744 1.86101249702465 0.761987364804501 1.55813339121689 1.29441253983179 1.27761032588935 1.36910650201678 0.482838793184125 1.33809578263069 1.09521131358469 1.34791899819243 0.643721023322907 2.20853284069561 1.50043557833761 0.823214782864446 1.29395264644813 2.02951613277486 1.49332022402764 1.36472225315236 0.839927826189283 0.249428530249794 2.04504416882701 1.9415176364266 1.4938545773335 1.02451096790001 1.16947035484829 1.54594352763633 1.65923612310897 1.2925414373024 1.26842223032549 0.183222082917808 1.42853984566412 0.545733790180625 1.41617799339038 0.715352159250524 1.11679026331231 1.72523236297234 2.36279833564899 2.32568961080631 1.4453037275757 1.89190607057363 0.621294258108116 1.36776587398625 1.58090489777662 1.29345452551259 0.703707351261322 0.733412013244962 1.44590554106929 1.1630947994523 0.228738086598411 0.779218992170992 1.32647433400751 1.18611257255907 1.99608988509595 0.512199091990741 1.35490299188443 1.69250294476654 1.37379990050303 1.69087537316041 1.31722945985125 2.22382930903658 1.30688390568561 1.31962564255505 1.33363345664742 1.10194047927923 1.3020022621599 1.26863777739683 1.85957208621154 1.44337512370922 1.40226287706664 0.869373623700211 1.1498562885122 0.741476140779553 0.703540598331038 0.808862630848335 0.363924038041929 1.22684420506663 1.91632154277881 1.01907989311318 0.388093526728037 0.672103566837356 0.926326000479911 1.45644366227051 0.912243576245471 0.759259808661063 1.3041803741041 0.99661439248415 1.08131512768896 1.61368468168634
4 2.59476982943808 0.842801493553589 1.98625665336826 0 0.877044712818846 0.939571337530528 0.918038671221697 0.316147559510521 0.443237709273547 1.98609659935884 1.50541122191618 0.770720265292215 0.514292250476085 2.00080122607653 0.62882277090898 0.839667391377443 1.14863814180675 0.882793979778306 1.55907203757858 1.02985440676425 1.06350145840195 1.00119490187252 2.17237197350215 0.248169730374573 0.669505432076537 2.55674578961946 1.11025641521407 0.146571735397668 0.697055545405198 1.00695866257362 1.26606185582852 2.19505000952925 0.426106160806422 0.471461651995324 0.494138583490563 1.01609105846462 1.05178151874756 0.777109723267051 0.658902300900957 0.732701193657045 1.02625124985852 1.93204416484832 0.802429343694337 1.76486812728573 0.8540884560193 2.35585720662573 1.04159781783056 0.287311611254494 0.448101911486417 0.454485526218547 0.759101737897305 0.494485579341572 2.04384683691579 1.03304124411553 0.747176379566969 0.89460526469784 1.91423371190201 1.66043908362642 0.579261887531805 0.965124690374765 2.20820012829455 1.28345804906827 0.868487085629558 0.804868630559591 0.144142416723535 1.47406204209798 0.637751526136439 0.610206016744858 0.614719033468435 0.505410046280183 0.939326503677518 0.427641939199722 1.02679723713638 1.03093409935302 1.00376707356633 1.30878309107935 0.898195064326713 1.04473066933625 0.274191573593095 0.866147000532041 0.82178270038532 1.32362068616329 1.29728147789537 1.25254744694358 1.6592408003698 1.81006506845026 1.69138877713142 0.93491250790323 0.419796953745641 2.59512035561255 1.86858284527879 1.72949727811143 1.52086121908578 0.542568105863936 2.05389619048682 1.90579674204739 1.09295690750469 1.31541939948141 1.36851228490914 0.71755138278162
5 1.73972680247631 0.139588038889043 1.34820098536024 0.877044712818846 0 0.143376895441723 0.650727650633574 1.01545198115119 0.68545118210702 1.2555156958222 0.638915202763306 0.124593966212145 0.541395623013161 1.1558629221852 0.26118409046752 0.109230444084875 0.278399555431198 0.0295155944357421 0.866496117912326 0.169622185976909 0.255015616214744 0.142886062628592 1.35590014502766 1.12422465416274 0.21041894922363 1.74818458112921 0.24153573804018 0.841842775401585 0.186577004178727 0.158316233497134 0.510976691709099 1.50109067112113 0.745691395685075 0.629579166418957 0.509554858640605 0.362775079935189 0.198321123269455 0.19777138100242 0.321126570635389 0.298365689305393 0.149206540502622 1.23590925612549 0.0878591154728836 0.973262712686395 0.069869695114751 1.541958241341 0.232426526991952 0.75814109594639 1.11340581507789 1.0579788716232 0.123094023520668 0.575803480674681 1.64638631350789 0.187742775544762 0.233566448982323 0.937911718183799 1.07832220443743 1.35610305660016 0.688430338586959 0.881782483704327 1.53920661859991 0.56925912719198 0.0345689431017579 0.559335453033147 0.810137331469919 0.891111463218897 0.569812583758286 0.363443295011363 0.543651011093777 0.406998064636765 0.0624352829252366 0.941683251839771 0.155134450334453 0.163574561676287 0.139030010015745 0.434227630796483 0.0468781699727785 0.167962610801599 0.63958268869501 0.10480464281859 0.0617025648118103 1.0714622945572 0.420311906056191 0.773535333540335 1.33848614639071 0.957148869704628 0.994215207739019 0.123716787012471 0.621707273696407 1.75179011207469 1.39062620126371 0.907081597361885 0.65956085369565 0.433973075662442 1.78172880083099 1.06020465153642 0.225806149496642 0.459752775275703 0.493835894704058 0.268152809503239
6 1.73074010301857 0.0977237322419014 1.43180937979082 0.939571337530528 0.143376895441723 0 0.793837849689906 1.03632635232072 0.68006721605472 1.31536076126182 0.635004630279066 0.252631088660129 0.53261316925683 1.16193609138644 0.311768247915855 0.252580325175051 0.22546848705205 0.114594974466197 0.949275286134406 0.110490469314505 0.344199796108681 0.0893728019986031 1.37752727657727 1.18193856384462 0.280796535012352 1.76924327141029 0.188585438255452 0.883356181882899 0.250878465257024 0.0808532836007455 0.593091014410268 1.56770871169493 0.741197542157118 0.621895305723297 0.626622238982938 0.488631859650296 0.263094571125212 0.171646460655857 0.310508912205261 0.437892696006742 0.164266909793715 1.30684320272142 0.156539389222594 1.01587017528145 0.103925038779138 1.56248303577418 0.32593751442113 0.85764965974659 1.12135273598216 1.05947393964841 0.198904980018233 0.567910007628682 1.76482284945726 0.0987861744521965 0.209217348157748 1.07963845771833 1.09267125812968 1.48699335162011 0.818753715968383 1.0251031219607 1.61197434824974 0.661277270303426 0.177778598979241 0.702350960129008 0.853949504968155 0.998189764754516 0.705007157964393 0.361366024295326 0.676844213889149 0.440445115467131 0.129010030017725 0.939631462698159 0.131011742225936 0.12315287206275 0.101734403102678 0.422554158233372 0.178585972105633 0.167884736344405 0.682107798555267 0.0761990899646564 0.152296836781117 1.20951608805305 0.393982857526937 0.900300070671664 1.46828637884744 0.960167979860708 1.07119719772961 0.245907691924307 0.627290860993616 1.75211104888625 1.5024323604003 0.934778975409589 0.662334328393965 0.552952924146209 1.9108484125336 1.06752570203391 0.171048515014107 0.481359409086745 0.478030314326828 0.246427838326772
7 1.87956799075352 0.767418803653125 1.08758335065274 0.918038671221697 0.650727650633574 0.793837849689906 0 1.20102421505994 1.03881116035506 1.13752030438796 0.944384359204562 0.565886394730176 0.948106879154692 1.29905293674987 0.690111789844976 0.542112719812573 0.833751037010237 0.6799977242856 0.722464024081992 0.781475944774005 0.565342712804481 0.765378622491465 1.40323491530241 1.12695730083117 0.649769563716959 1.75639939909736 0.813322121281326 0.986421379112408 0.663441545656261 0.786405922416324 0.572518382939442 1.31343776016936 1.08058414963257 1.00540773780624 0.449877019348435 0.381176276328089 0.635123894926853 0.783593075559572 0.822742296498211 0.384263896290765 0.710824600823333 1.06328782118716 0.675171894824845 0.998494178479696 0.706254325846995 1.57199063176904 0.562313135977294 0.6434299372934 1.33167357750943 1.30922868968004 0.657167201940776 0.968817527127898 1.14607074938497 0.811588776656289 0.798747679432802 0.338721233444819 1.20158548216906 0.78717336494212 0.358365875906514 0.242583898814651 1.31472068308785 0.535516829951707 0.616191251093222 0.127284117748219 0.954924588887811 0.58278228549994 0.281530161043507 0.828595718053955 0.309230352503269 0.767734879601329 0.676604903021261 1.22595498430011 0.749107404888101 0.765071814137686 0.753884391440063 0.844682625180601 0.617454264689344 0.729079269828246 0.852096078219645 0.745458007983408 0.661775112612549 0.460101307940122 0.869342106736246 0.346300378099353 0.778567650875436 1.15008651070096 0.841925867104431 0.565253682079758 0.962184061038419 1.85116452876746 0.952045234446638 1.01458287312746 0.936687892905391 0.443858785797952 1.20904696909241 1.21537364272481 0.806808806240031 0.771710938636017 0.887752859826821 0.81269122907764
8 2.75493904306781 0.940227102170323 2.23998926056207 0.316147559510521 1.01545198115119 1.03632635232072 1.20102421505994 0 0.37704237932065 2.21290237171856 1.6535819335125 0.934159758671138 0.514631568160293 2.1704364847673 0.754497830225667 1.0097447841416 1.26045676740749 1.01226106341403 1.79110193771279 1.14104232179642 1.2408063194373 1.11402936367628 2.36237581979771 0.317454235631035 0.808325108149807 2.75282861559027 1.22250235241005 0.21461387824737 0.829364115912994 1.11376609931032 1.4706662543564 2.43580189470026 0.322900961489911 0.432343706581261 0.755665122080807 1.23404548659961 1.20895345140147 0.864687282118925 0.72658229060372 0.952549194288912 1.15873363650762 2.16928826654245 0.930053380558634 1.96508890676928 0.973320308903632 2.54811295875607 1.21745298394108 0.597337340625255 0.133497307063581 0.145077900674791 0.892433492032546 0.481262027516658 2.34068661331117 1.13504051751196 0.827453514122891 1.20781222355037 2.09056281969906 1.96293628122556 0.8812049618068 1.27194348022579 2.4563010125331 1.50131033740431 1.01718115705865 1.08043090790929 0.246597275515153 1.73066013603852 0.920071038116518 0.675210735757463 0.89192859905903 0.608486455068942 1.07379354448934 0.179119062309085 1.147708582906 1.14739714188718 1.12051901358911 1.44521655873217 1.04785814929172 1.17388184906663 0.387907017996651 0.972861897336105 0.954417191511225 1.62540111799619 1.42419398942776 1.52138144392617 1.96009021172212 1.97247355849368 1.92471883927922 1.10162286736357 0.412009293317078 2.76678114557634 2.1522898259594 1.91353139064833 1.67497976555615 0.784434143061455 2.36275809273954 2.07471735337253 1.20470158673336 1.47431778557122 1.50391762111916 0.790980182789099
9 2.41028307352527 0.588144154820363 1.99038145511092 0.443237709273547 0.68545118210702 0.68006721605472 1.03881116035506 0.37704237932065 0 1.92855365997892 1.31120977044363 0.630600370718554 0.147486454079038 1.83566991290002 0.437720763347651 0.706153177724693 0.905474301943412 0.676129668286126 1.52037045619867 0.788770053347248 0.930749702487356 0.763470493750213 2.04092778730505 0.616857040810237 0.495881862797662 2.43332527532937 0.868599882644251 0.310904993128924 0.509073294401245 0.760048755753315 1.17788736506774 2.16557526604854 0.0611548183500536 0.0583195171883361 0.603577491322971 0.965921623577978 0.883733908419595 0.511189239647651 0.371783900340172 0.708420071032555 0.8182005577175 1.89809055403647 0.597595128890264 1.65709884394725 0.632495820298269 2.22693535716265 0.90714510019897 0.594672129226945 0.443586643468502 0.379509372085522 0.567071685093628 0.11217363485791 2.17808021593197 0.77835787039873 0.472236496371419 1.15026122067727 1.76132099563544 1.82589082293598 0.799228636807889 1.17592905634932 2.1956897526048 1.22177536124273 0.694880292799182 0.911527447861322 0.301019676961153 1.4957675349393 0.781902304912012 0.323942356423197 0.746587187208941 0.299510397506976 0.738020689241095 0.259605054011191 0.800559928339201 0.797759922423913 0.771907076192213 1.09949295429152 0.724498242266921 0.830751509192848 0.227462062896571 0.624423849313763 0.62394590017275 1.49487396755464 1.07360178796614 1.31414034667564 1.81730448505172 1.63491092243966 1.65278422970204 0.789166972764625 0.077009981461738 2.4291650323017 1.95873571978958 1.59240974211931 1.33598433812275 0.595178598798902 2.24554304690999 1.74040655691438 0.850984459994605 1.14234592531882 1.1565303677653 0.434463143284446
10 0.85706892882005 1.38043529469963 0.27672970088397 1.98609659935884 1.2555156958222 1.31536076126182 1.13752030438796 2.21290237171856 1.92855365997892 0 0.769129794631397 1.29808927991116 1.79045323482157 0.487565431945065 1.49083416778187 1.22240102227206 1.13286197904031 1.27189691729596 0.427501035985882 1.21234020224621 1.00171338896826 1.2271814109667 0.37764174519104 2.22096622608141 1.43267582236464 0.635989318155292 1.15569336753926 2.00965268242501 1.42035423011289 1.24105860083568 0.750669188949762 0.259950758886367 1.98642987139695 1.87574104134695 1.49342177536356 0.978923808352563 1.0625763215142 1.4504479760356 1.57585059726521 1.26206150377936 1.15178328514808 0.111978288035846 1.34122931816134 0.325711292342805 1.31906736549003 0.484203287767908 1.02499287067262 1.74580123696503 2.32853444894747 2.28381000387497 1.36542533365184 1.82350225859307 0.896339203176257 1.23852565833968 1.48794188362917 1.39665878812539 0.436978910004072 0.961137665459163 1.48646249103382 1.26355074589968 0.324481609688766 0.711905965741197 1.23965637219598 1.21430777414848 1.97585936468991 0.565716138055399 1.37870298573327 1.61508151567252 1.39094073623307 1.632163971144 1.21429063153127 2.17481164600879 1.18520794113843 1.19559694391943 1.2139168593018 0.939176993593926 1.21189764155615 1.1476308791465 1.82571503319583 1.34052169370287 1.31435571936445 1.02631434416739 0.984972886904696 0.802890474321443 0.929895189315604 0.557620799964945 0.297709010334883 1.1419166448925 1.85818345375281 0.79054132042641 0.646842306817119 0.446185593399734 0.730595687623765 1.44432122262452 1.18360249314969 0.493777326421249 1.1685636219223 0.846170603757348 0.906863312526794 1.5234329952412
11 1.1014634540276 0.723314821504816 0.964638412843623 1.50541122191618 0.638915202763306 0.635004630279066 0.944384359204562 1.6535819335125 1.31120977044363 0.769129794631397 0 0.735060749440827 1.16397932027248 0.527170826331065 0.900031134142006 0.666086713355306 0.415166750480927 0.641347343701844 0.551876621318472 0.524625119221965 0.45326893868498 0.548533688725157 0.75059500129556 1.75358092374546 0.848626998493507 1.13937320078886 0.448563218870788 1.47978273833668 0.825491871092404 0.554151538614721 0.380908557813079 1.02875129115777 1.37230668774734 1.25350541331609 1.07210415808657 0.582463517780681 0.453645041075611 0.800223043652661 0.939425886284802 0.808359114843197 0.495224411209687 0.799445473755091 0.723539383033871 0.443652822886045 0.681444297155673 0.933194373632873 0.472321877094574 1.34282179318326 1.74784060098743 1.68915549543238 0.761961402484545 1.19924546042047 1.46346002004047 0.540154831972111 0.839342401456894 1.28271402561328 0.462507874160702 1.31619492665533 1.17776000806104 1.17321966279663 1.09132482341053 0.443691065955272 0.640892444877081 0.936299490078271 1.44768692940842 0.72289454963555 1.04597041250552 0.987957941636602 1.03721756901887 1.04524955604088 0.579803524608465 1.57050789368842 0.510669260063377 0.514077504624928 0.539477674876739 0.212452053769676 0.610396929809202 0.481135582805952 1.27800093878555 0.686806244050969 0.699426904896114 1.16201283479511 0.245509394779731 0.795378081435502 1.28841131835357 0.325260739122993 0.618808250286591 0.57100012571681 1.2532712471029 1.11800426828609 1.17718514647761 0.33173045448647 0.0386973502659306 1.0007195116113 1.68858216141476 0.433356897162549 0.465358047002052 0.194158119084401 0.159160940300514 0.877191933042964
12 1.82997099442047 0.203428581220693 1.36648505909744 0.770720265292215 0.124593966212145 0.252631088660129 0.565886394730176 0.934159758671138 0.630600370718554 1.29808927991116 0.735060749440827 0 0.495436639294409 1.23991095791321 0.193142020114057 0.0763084895134018 0.400177746216615 0.145171913081231 0.891529364221769 0.294200534764967 0.306813801534754 0.267407393707287 1.42822621798276 1.01884389815883 0.134931905231084 1.81892865708791 0.364265383161071 0.748712189938732 0.127370058735241 0.282146853976588 0.547517214534099 1.53552597644616 0.688346771203266 0.578605647260016 0.384970572574528 0.346784785738521 0.281563953329309 0.220765752597389 0.298124541029635 0.189867086587243 0.265022261549938 1.26821874319369 0.110214545236222 1.03352592509822 0.15096940726734 1.61400245673269 0.283377065153049 0.636168905187075 1.0403167579612 0.990314491826501 0.0941384067818199 0.527336763507383 1.61807978560681 0.311633611754825 0.24250687386877 0.832003448929495 1.15774638279327 1.30702048143326 0.567174049249728 0.7863490219305 1.56741176711656 0.592141597157646 0.103266155469275 0.462075628249788 0.71594927213765 0.886187181735248 0.452405414177893 0.326688886575765 0.424308847272626 0.334888506104885 0.183068714841958 0.878353758705547 0.278000007056403 0.287534108938064 0.263525680490806 0.539254897408265 0.130205220408906 0.285426260966697 0.549564691314665 0.188076654645421 0.102238022655526 1.00657606994372 0.531400164466718 0.738752387030564 1.29173982188044 1.04484466219591 1.02325249678053 0.167983662960381 0.560240651632909 1.83637462650887 1.37368024147611 0.979399248364985 0.75172761285554 0.309379928893634 1.73440968361631 1.14427837539061 0.349137630313971 0.547027128106603 0.598867014583733 0.265501307702132
13 2.26281363858421 0.440770771739538 1.86101249702465 0.514292250476085 0.541395623013161 0.53261316925683 0.948106879154692 0.514631568160293 0.147486454079038 1.79045323482157 1.16397932027248 0.495436639294409 0 1.68883144241723 0.302906294833288 0.569607250970706 0.758044038197902 0.530772469401239 1.38695575746929 0.641290115685986 0.790011487740709 0.616045921124819 1.89554823492879 0.721006149463631 0.360792846086843 2.28800051721936 0.72112786252827 0.406103398843435 0.370432054652023 0.612562698292306 1.04021057578019 2.03037579032942 0.208638659042747 0.089527679667863 0.53769747789928 0.837515650603397 0.739653253025984 0.363819274172858 0.224670406321031 0.594785270935321 0.671624825676703 1.76326503315086 0.453638589291466 1.51441109266364 0.486447313837644 2.08148393921485 0.766498871971572 0.59555059290596 0.589837062402966 0.526875593094831 0.425534765808524 0.0353148069922349 2.0745476462983 0.630965353707614 0.324811212745575 1.09756252589199 1.61510046145977 1.73326582888894 0.750379984745406 1.1075696539169 2.06284541471864 1.08748660185451 0.552728696234333 0.821791416590154 0.386093184586293 1.37303965093665 0.710248986421007 0.178150014498999 0.67374478407522 0.181679015478318 0.592447394156735 0.407091261431569 0.653310081621827 0.650358646697249 0.624580323143567 0.952148309866359 0.581805198125125 0.683837919005108 0.248286616508624 0.477300609396468 0.480264468547787 1.40793546064331 0.926116344156371 1.20214268019958 1.72274985523385 1.48790780927763 1.51852229666758 0.648876549470296 0.105552980415752 2.28197428125623 1.84628704691736 1.4474715504897 1.18900157270209 0.512511577551506 2.15697129373206 1.59364920371028 0.70350647648642 0.996372731124156 1.00909699714688 0.287014845696516
14 0.595985113918737 1.24888337742065 0.761987364804501 2.00080122607653 1.1558629221852 1.16193609138644 1.29905293674987 2.1704364847673 1.83566991290002 0.487565431945065 0.527170826331065 1.23991095791321 1.68883144241723 0 1.41612249814445 1.16633494135543 0.941963035116707 1.161504136058 0.631917477197125 1.05147582556678 0.937964386479297 1.07486480402924 0.24928133039479 2.24779141203524 1.362183409762 0.618985139316723 0.975715507947144 1.98858707195561 1.34123646289988 1.08109457535418 0.755707573734085 0.693781178546232 1.8966404281119 1.77828624695759 1.53798280238162 1.0083091718656 0.961590483089376 1.32560691407117 1.46416607906492 1.27675032101147 1.01755480423392 0.582282324118477 1.24254692471583 0.322813411832456 1.20368401328497 0.416622234233531 0.960359366082289 1.80884670137359 2.26904139044085 2.21220830361982 1.27850808357053 1.72401079517074 1.37376804101784 1.06732023480744 1.36481899236776 1.61535089167356 0.0980943319402875 1.37517587433012 1.60015894727853 1.48827040430016 0.776894875123506 0.769131656613249 1.15326789601536 1.33299079958487 1.95573219854821 0.843191187637475 1.47380031514184 1.51182499237512 1.47391387355418 1.56252539128958 1.09947273634139 2.0944018216862 1.03617588755284 1.04038266220173 1.0653005768171 0.73947686550706 1.12258461668408 1.00499371418521 1.78906910007609 1.21163237703823 1.21735040807745 1.34916905474326 0.771675489104839 1.03156028513252 1.34380043916314 0.201958471390082 0.580959919042725 1.07202242142521 1.77571484980385 0.596549251143018 1.10777952342896 0.285511382527902 0.500036176991609 1.4728503600423 1.65189759173216 0.0957227400905972 0.992528834261897 0.696231948998665 0.685683400206482 1.40265806272889
15 2.00090205377215 0.216822698011076 1.55813339121689 0.62882277090898 0.26118409046752 0.311768247915855 0.690111789844976 0.754497830225667 0.437720763347651 1.49083416778187 0.900031134142006 0.193142020114057 0.302906294833288 1.41612249814445 0 0.268437959800092 0.521447239180097 0.260297106188558 1.08443835631332 0.40185670621467 0.494711727003245 0.373346440149653 1.61217062490346 0.873049962304016 0.0582194144655465 2.00389959696787 0.482949176814566 0.582562435778805 0.0748863984479993 0.378280832013418 0.740166790342565 1.72866466767316 0.495938623631592 0.385463640684812 0.368699755018018 0.53517318954525 0.455170727892778 0.16322421560605 0.133108677645924 0.311865389760009 0.407026958337661 1.46134090184877 0.177819213156946 1.22226463322609 0.226576438228488 1.79820529068715 0.471080550547757 0.559954558168551 0.854733418259332 0.801783629224233 0.138091355134488 0.334356315605043 1.78850055308404 0.404218559330205 0.148489270005313 0.902496196710019 1.33723661274392 1.46149417927213 0.586331920807063 0.883256119882372 1.76026240690467 0.785188499947378 0.263354863759804 0.570285270230081 0.551474257377066 1.07246599393677 0.502322261271649 0.143034280671523 0.467161545537857 0.146581697290012 0.320742800196406 0.687900882537226 0.40157499371255 0.404214509766251 0.376919563800254 0.693921473023345 0.293916228103435 0.423634164042857 0.379911006805108 0.237443398063593 0.200766726935488 1.14691728957185 0.676739957245716 0.910782405041331 1.44855692601859 1.21797708223342 1.21631849622133 0.353179630921055 0.368456231572425 2.0123513881795 1.55223683837502 1.16290856976844 0.920694124207078 0.308694750481355 1.88827368978121 1.32041636948243 0.465434406099 0.719910262387894 0.753256938779951 0.140886731819471
16 1.75759566536895 0.23249259070134 1.29441253983179 0.839667391377443 0.109230444084875 0.252580325175051 0.542112719812573 1.0097447841416 0.706153177724693 1.22240102227206 0.666086713355306 0.0763084895134018 0.569607250970706 1.16633494135543 0.268437959800092 0 0.35615855585019 0.138138793347038 0.817743934481604 0.263964675726882 0.231066738939587 0.240859509959869 1.35267633611469 1.08780437878897 0.210276469860905 1.74313978227567 0.323239114570798 0.822460241509597 0.199461960592391 0.259378657087933 0.471739129214542 1.46079755048514 0.764172984237984 0.65366333503042 0.428772596351632 0.280869534877716 0.213116729545164 0.270128013604167 0.365837485430279 0.194533957606055 0.217133280682484 1.19365778643427 0.148197358200972 0.957284723626086 0.16629084867666 1.53837391769267 0.207763680767023 0.690064120017525 1.11649223935612 1.06662237972039 0.152838123407182 0.601961158161763 1.5609957421557 0.287871573813108 0.298358770569264 0.829780577544718 1.08332414699738 1.25974377000582 0.591547654750054 0.772552068867997 1.49360977217059 0.518108415949851 0.0751486386394812 0.450275103277016 0.789492848927956 0.819541691586854 0.46868631764573 0.39816168046003 0.444863265271076 0.411132427002406 0.148795991100738 0.954591598223388 0.240199319462119 0.252856111760768 0.233141595391069 0.47588854405527 0.0859739588831691 0.238319360286966 0.624344008425678 0.205337395807444 0.12740612572921 0.968401161021296 0.472350030499268 0.683282597697119 1.24319612076049 0.97235509376031 0.948985823796163 0.0952506524793478 0.636237061727729 1.76260752419179 1.31184591126427 0.904070373267956 0.681212313946639 0.353188067250814 1.68648722988971 1.0707907297874 0.310201338054257 0.475855064225579 0.535011379579574 0.326235588629936
17 1.5059670800207 0.320252132775118 1.27761032588935 1.14863814180675 0.278399555431198 0.22546848705205 0.833751037010237 1.26045676740749 0.905474301943412 1.13286197904031 0.415166750480927 0.400177746216615 0.758044038197902 0.941963035116707 0.521447239180097 0.35615855585019 0 0.267341908205936 0.80351142317206 0.120135433454117 0.279391118239973 0.148264797853097 1.16386374787492 1.3941283072477 0.479330194856421 1.55397042077251 0.0385070959491856 1.10191931447522 0.451585773926431 0.14669081639007 0.46658482398846 1.39022248776656 0.96659147926289 0.847272012522649 0.782550594540724 0.467280457371384 0.199329718909705 0.396307734723043 0.535730465594594 0.546103013107106 0.139118068036604 1.13725169905326 0.346251514693117 0.820541501654238 0.294939173026462 1.34752195067549 0.275811655624921 1.03606945120918 1.34676373660803 1.28491702142107 0.389889997033349 0.793332626092045 1.67254782798952 0.127247493246737 0.434427710022384 1.15341432447117 0.876734108369946 1.43535268637705 0.945437114814417 1.07578870554586 1.44140165840635 0.545568245816477 0.297190330001476 0.770703636076846 1.07158429627877 0.893956239700166 0.819287809394781 0.586269720082992 0.798049344109981 0.659090452596614 0.21728265471597 1.16500280560742 0.12344716988706 0.11773921024275 0.144871068298931 0.204907499709969 0.273436653432513 0.117919821727447 0.899535689730232 0.288493156575466 0.328037287099938 1.19402940572441 0.170491137138993 0.849168685949159 1.41303962682441 0.740012438204611 0.913692725258725 0.284734024032871 0.852471099579628 1.52909580669718 1.39759493715824 0.728620123733455 0.445218930684892 0.706688810760411 1.84826494567018 0.848493025176321 0.0561654434506684 0.286762586485863 0.256281299686775 0.471809500423156
18 1.74278703750353 0.114656537272856 1.36910650201678 0.882793979778306 0.0295155944357421 0.114594974466197 0.6799977242856 1.01226106341403 0.676129668286126 1.27189691729596 0.641347343701844 0.145171913081231 0.530772469401239 1.161504136058 0.260297106188558 0.138138793347038 0.267341908205936 0 0.886852149690798 0.153081268659602 0.274230156323717 0.124989656676078 1.36487695379719 1.12922359072086 0.213500630402872 1.75730994408283 0.229498770274065 0.842766607427404 0.187219048265772 0.137805249639335 0.530432995023006 1.51891875715231 0.736739098363697 0.619593827839313 0.528587675378641 0.390257355517996 0.210646890943812 0.178696905114426 0.308069026738819 0.324811359558619 0.14682870894694 1.25438641707307 0.0825461574334468 0.985970166537966 0.0473445530468192 1.55085612797422 0.252333026528077 0.77276928659147 1.10768414561669 1.05087294693965 0.123978470307676 0.5655342439847 1.6733383023057 0.167225731781995 0.216073768011255 0.965567275900039 1.08553479847148 1.3847754536711 0.711785169905453 0.91054860936347 1.5582051974097 0.590851474829131 0.0640204484482765 0.587766401704435 0.811498808087695 0.915940296699311 0.594744648221948 0.352644354135576 0.567855217535928 0.404156969717729 0.0620469577130779 0.933674755555109 0.144304379094766 0.150111766361453 0.123823084288413 0.433796502944166 0.0729013869497545 0.163414843721079 0.64015338745286 0.0776505378567346 0.0610132227816674 1.10085768442239 0.41673074822391 0.801529414588122 1.36701906846235 0.961872040645991 1.01362240366511 0.148943646572745 0.614331948865842 1.75675309416331 1.41647675027403 0.91670319752957 0.663447643649541 0.45339314508865 1.81021086780563 1.06597007523459 0.212898040305763 0.466447509275221 0.493032974850713 0.252027862802844
19 1.17619194400544 1.00009048574384 0.482838793184125 1.55907203757858 0.866496117912326 0.949275286134406 0.722464024081992 1.79110193771279 1.52037045619867 0.427501035985882 0.551876621318472 0.891529364221769 1.38695575746929 0.631917477197125 1.08443835631332 0.817743934481604 0.80351142317206 0.886852149690798 0 0.857169661561096 0.612723842909981 0.866062121053673 0.688138522724249 1.79346874593259 1.02632773145558 1.03398847865788 0.81695979057387 1.58568833754024 1.01720364515528 0.883281704603703 0.357106823159497 0.646435992960718 1.57668674252611 1.46962571331902 1.06603769313281 0.558612378701084 0.686706805623923 1.06425529508865 1.18038342445969 0.838659937060544 0.786255171345731 0.378940772589652 0.948063552280809 0.309209882571795 0.93402380362484 0.851001645937106 0.634540988060476 1.31881799545404 1.90913537950161 1.86710344141775 0.966768862743518 1.41878869711059 0.912038488918396 0.887472686928541 1.09970318882949 1.00893292911149 0.536097948325123 0.789845293145394 1.06393301047329 0.877551202444049 0.675899232553824 0.299674679995908 0.845769234664142 0.790456815298619 1.55192179403106 0.213427153651163 0.95297622473352 1.21552716355649 0.964234472465365 1.22150049758565 0.834468037969373 1.76087712043315 0.825321967245313 0.838437546405396 0.851674218043371 0.643175036434569 0.820586531295399 0.787119316701421 1.40521006078367 0.960736153704531 0.92157883939889 0.718200314115151 0.691194616174604 0.410636673954988 0.760024508671219 0.548634415636256 0.133636999265428 0.746159640788173 1.44788671330313 1.1374585780308 0.626104245389597 0.382234829505612 0.517925211416819 1.01788130269278 1.14026925713707 0.56908579291781 0.826155602561457 0.532358760435755 0.634075014141804 1.13307600822798
20 1.62153587328874 0.201371656854771 1.33809578263069 1.02985440676425 0.169622185976909 0.110490469314505 0.781475944774005 1.14104232179642 0.788770053347248 1.21234020224621 0.524625119221965 0.294200534764967 0.641290115685986 1.05147582556678 0.40185670621467 0.263964675726882 0.120135433454117 0.153081268659602 0.857169661561096 0 0.271221720475474 0.0287305427873308 1.26739007217448 1.27483656466587 0.361340206007188 1.65897373955461 0.0817398421194667 0.981807077659491 0.333029617011006 0.0298620312553907 0.504776466308324 1.46647021465775 0.849924691533908 0.73073488737003 0.679170658815545 0.441021255583539 0.183413986929104 0.278036266897378 0.417755192902411 0.458479488903694 0.0796903152260953 1.20776926021279 0.228317720545928 0.909029836596496 0.175769703577495 1.45222726251005 0.257947915298252 0.925829416415637 1.22881584682305 1.1678768360372 0.272445881325198 0.676604899678287 1.69559040431562 0.0334785569012189 0.316673235931399 1.08693480672153 0.982276242961725 1.43463670176957 0.854429221275373 1.01997087331044 1.51297743909114 0.577728408058545 0.195022900405512 0.704081825032399 0.951519250750282 0.921752260759076 0.732625475816896 0.467772282860767 0.708318192233771 0.538955440890928 0.115332484091651 1.0483713703977 0.03591492785444 0.0197791235914994 0.0310305531109387 0.312178327569184 0.177998444802082 0.0714871793736473 0.77945989268972 0.168483340559413 0.212177895951623 1.17268718042593 0.284869468232135 0.84542050244795 1.4142789784986 0.849735742356657 0.975552782434133 0.216239138891935 0.734112778343262 1.64202854068731 1.42752418255463 0.825582751195106 0.551844010628782 0.603560387338778 1.8545680570501 0.957039235779224 0.0639802574333718 0.373037557333889 0.368101325895873 0.354355382695264
21 1.53127495500764 0.387430016689623 1.09521131358469 1.06350145840195 0.255015616214744 0.344199796108681 0.565342712804481 1.2408063194373 0.930749702487356 1.00171338896826 0.45326893868498 0.306813801534754 0.790011487740709 0.937964386479297 0.494711727003245 0.231066738939587 0.279391118239973 0.274230156323717 0.612723842909981 0.271221720475474 0 0.270591521449818 1.12161319099876 1.31104031300466 0.437420818780454 1.51212993941043 0.268684721354063 1.05248270532562 0.42181525289764 0.290972891911374 0.25622924125317 1.24617124736638 0.989853752733056 0.876532664853899 0.618835414370472 0.189223317846474 0.0882024936952983 0.452280948816826 0.574188946873162 0.355240494461327 0.191877092128523 0.980893955134574 0.339620915823689 0.727628384237882 0.321489215109907 1.30730848430801 0.0236321475485741 0.889705778693285 1.34690041629793 1.29593083669931 0.364476739142963 0.823595766399952 1.42527248520087 0.304619654459372 0.488556424099136 0.895431977038565 0.853458581338974 1.16570418129872 0.735377706320417 0.807811793828196 1.28429612881616 0.318563803318494 0.237958846446876 0.519875655474571 1.01933989306019 0.654516534671092 0.603648294022019 0.613665913375881 0.590932075157803 0.639881577505614 0.222679804458004 1.18260742477872 0.235501379476766 0.251469928297703 0.25582490756171 0.293705833605365 0.210379822764356 0.201320875798901 0.855216368366709 0.348221902616474 0.312767004649652 0.91524152378926 0.309530897867263 0.576751185946017 1.14474032827307 0.746710728604944 0.739482806850859 0.141633224089364 0.863026811444775 1.53359221139589 1.15956077992719 0.673117215870294 0.462922800520499 0.547719863931921 1.58408410935147 0.842694081124622 0.268224242908624 0.259116642105935 0.34644210973466 0.523058779028554
22 1.64688393983078 0.175405763700298 1.34791899819243 1.00119490187252 0.142886062628592 0.0893728019986031 0.765378622491465 1.11402936367628 0.763470493750213 1.2271814109667 0.548533688725157 0.267407393707287 0.616045921124819 1.07486480402924 0.373346440149653 0.240859509959869 0.148264797853097 0.124989656676078 0.866062121053673 0.0287305427873308 0.270591521449818 0 1.28883742536999 1.24626468179294 0.332611113519275 1.68072803034058 0.109767041543006 0.953709174552202 0.304322645323261 0.0216790267033982 0.511561260993425 1.48025109361273 0.824618920712695 0.705550863735038 0.65225611685033 0.432927281829535 0.184581357617158 0.252324845269658 0.391996376553481 0.435262981445697 0.0804790981028647 1.2202893835563 0.199588422928433 0.926606309518131 0.14710814129453 1.47395354065252 0.255272387690414 0.897724312508526 1.2027382411853 1.14229327474177 0.243726489382623 0.651351896132755 1.69583117231408 0.047232503447492 0.291236821106226 1.06715420300657 1.00449392350221 1.42943051999558 0.829737754007601 1.00261909685027 1.52550193491652 0.582568444814312 0.169928595508219 0.68489922754139 0.923330982381736 0.9241899434872 0.708969565539358 0.44161102043896 0.684054004915777 0.511029799196169 0.0923257086231166 1.02302099731498 0.0419784831565862 0.0344821655994239 0.0147996150347601 0.336295502329652 0.155299306407534 0.0798266527204437 0.751289502087474 0.14117061765401 0.183635176265495 1.16297515890394 0.310804520291111 0.840519424291971 1.40955566486603 0.873317251775232 0.986215863941408 0.200894388864116 0.707900189203182 1.66639044403767 1.42967136292665 0.845542009759364 0.574913006309718 0.576756705161089 1.85068870877952 0.980181468125409 0.0921396450127469 0.392013086267365 0.393060908353163 0.329035957273115
