param m := 79;
param k := 4;

param d:
1 2 3 4 5 6 7 8 9 10 11 12 13 14 15 16 17 18 19 20 21 22 23 24 25 26 27 28 29 30 31 32 33 34 35 36 37 38 39 40 41 42 43 44 45 46 47 48 49 50 51 52 53 54 55 56 57 58 59 60 61 62 63 64 65 66 67 68 69 70 71 72 73 74 75 76 77 78 79 :=
1 0 1.82228197909539 1.09924427175536 2.59476982943808 1.73972680247631 1.73074010301857 1.87956799075352 2.75493904306781 2.41028307352527 0.85706892882005 1.1014634540276 0.595985113918737 1.5059670800207 1.74278703750353 1.17619194400544 1.62153587328874 1.64688393983078 0.494400526500154 2.84218019426795 0.367160073807624 1.54219534169961 2.57818680477385 1.92618153948766 1.6503909976259 1.35024732340517 0.902442967210146 2.4714374783186 1.6036268041013 1.54941838541063 2.03886046734754 1.87262340735626 1.59665101788339 0.968347129030935 1.82489677594953 0.881385182577229 1.78275139793759 0.384521379982722 2.4047534352336 2.29812772764316 1.70179977297019 1.63318636669931 1.93807124701336 2.18337560641725 0.687909234596688 1.81734774283783 2.19185359202711 2.05291073266477 1.35852448416825 1.73987312698545 1.92214347734842 2.54565832816333 1.37175683606428 2.06694099816033 2.08811635234015 2.06814523856948 1.68115976652296 1.61051921179742 1.61267513719015 1.31147797856278 1.58222699767762 2.37734360044525 1.78677531855655 1.80056941928274 1.86594900857808 1.33680448431153 1.58679466962164 1.78623520604259 0.785240811764932 1.08701035206195 1.6626859639726 0.114468971200672 1.48718469164251 0.877639240667019 1.08027738217296 2.06874328531805 1.99995585001421 1.55969218725176 1.28323186266034 1.25387160231745
2 1.82228197909539 0 1.48264127389798 0.842801493553589 0.139588038889043 0.0977237322419014 0.767418803653125 0.940227102170323 0.588144154820363 1.38043529469963 0.723314821504816 1.24888337742065 0.320252132775118 0.114656537272856 1.00009048574384 0.201371656854771 0.175405763700298 1.45964704397749 1.08457062323183 1.85194421488843 0.282430072692241 0.785647098303532 0.162808247707597 0.173579423010123 0.643215468201537 1.62929538773565 0.649284446224515 0.501667762263582 0.317991776086286 0.216590891605639 0.392958581114473 0.234674651075095 1.36564712749463 0.0932499104212545 1.08887166343033 0.0698714436061144 1.64519919965666 0.770376978185845 0.476064411274891 1.78554298282605 0.195388370996922 0.116027701941902 1.0336595378763 1.17687485513817 1.49132524747162 0.753184436118125 0.989773177269876 0.705002471388148 0.169326331513567 0.665488086223041 0.756226219601321 1.03036228297971 0.646994775057962 0.266401776541241 0.616268934235385 0.166584201265633 0.212746185659653 0.209627309405342 0.511379005012574 0.244735163149153 0.584396093132452 0.0399136878212397 0.106250618506785 1.20057725352325 0.486060617425608 0.9112755731728 1.47433036511961 1.04762935780489 1.12597306638875 0.26298013690857 1.8413139569753 1.53021353068612 1.01380415920596 0.748860124641546 0.479985223877784 1.91766981651367 0.264647248103215 0.560217910772605 0.568432928591022
3 1.09924427175536 1.48264127389798 0 1.98625665336826 1.34820098536024 1.43180937979082 1.08758335065274 2.23998926056207 1.99038145511092 0.27672970088397 0.964638412843623 0.761987364804501 1.27761032588935 1.36910650201678 0.482838793184125 1.33809578263069 1.34791899819243 0.643721023322907 2.20853284069561 0.823214782864446 1.29395264644813 2.02951613277486 1.49332022402764 1.36472225315236 0.839927826189283 0.249428530249794 2.04504416882701 1.02451096790001 1.16947035484829 1.65923612310897 1.2925414373024 1.26842223032549 0.183222082917808 1.42853984566412 0.545733790180625 1.41617799339038 0.715352159250524 1.72523236297234 1.89190607057363 0.621294258108116 1.36776587398625 1.58090489777662 1.29345452551259 0.703707351261322 0.733412013244962 1.44590554106929 1.1630947994523 0.779218992170992 1.32647433400751 1.18611257255907 1.99608988509595 0.512199091990741 1.35490299188443 1.69250294476654 1.37379990050303 1.31722945985125 1.30688390568561 1.31962564255505 1.10194047927923 1.26863777739683 1.85957208621154 1.44337512370922 1.40226287706664 0.869373623700211 1.1498562885122 0.741476140779553 0.703540598331038 0.808862630848335 0.363924038041929 1.22684420506663 1.01907989311318 0.388093526728037 0.672103566837356 0.926326000479911 1.45644366227051 0.912243576245471 1.3041803741041 0.99661439248415 1.08131512768896
4 2.59476982943808 0.842801493553589 1.98625665336826 0 0.877044712818846 0.939571337530528 0.918038671221697 0.316147559510521 0.443237709273547 1.98609659935884 1.50541122191618 2.00080122607653 1.14863814180675 0.882793979778306 1.55907203757858 1.02985440676425 1.00119490187252 2.17237197350215 0.248169730374573 2.55674578961946 1.11025641521407 0.146571735397668 0.697055545405198 1.00695866257362 1.26606185582852 2.19505000952925 0.426106160806422 1.01609105846462 1.05178151874756 0.658902300900957 0.732701193657045 1.02625124985852 1.93204416484832 0.802429343694337 1.76486812728573 0.8540884560193 2.35585720662573 0.287311611254494 0.494485579341572 2.04384683691579 1.03304124411553 0.747176379566969 0.89460526469784 1.91423371190201 1.66043908362642 0.579261887531805 0.965124690374765 1.28345804906827 0.868487085629558 0.804868630559591 0.144142416723535 1.47406204209798 0.637751526136439 0.610206016744858 0.614719033468435 0.939326503677518 1.02679723713638 1.03093409935302 1.30878309107935 1.04473066933625 0.274191573593095 0.866147000532041 0.82178270038532 1.32362068616329 1.29728147789537 1.25254744694358 1.6592408003698 1.81006506845026 1.69138877713142 0.93491250790323 2.59512035561255 1.86858284527879 1.72949727811143 1.52086121908578 0.542568105863936 2.05389619048682 1.09295690750469 1.31541939948141 1.36851228490914
5 1.73972680247631 0.139588038889043 1.34820098536024 0.877044712818846 0 0.143376895441723 0.650727650633574 1.01545198115119 0.68545118210702 1.2555156958222 0.638915202763306 1.1558629221852 0.278399555431198 0.0295155944357421 0.866496117912326 0.169622185976909 0.142886062628592 1.35590014502766 1.12422465416274 1.74818458112921 0.24153573804018 0.841842775401585 0.186577004178727 0.158316233497134 0.510976691709099 1.50109067112113 0.745691395685075 0.362775079935189 0.198321123269455 0.321126570635389 0.298365689305393 0.149206540502622 1.23590925612549 0.0878591154728836 0.973262712686395 0.069869695114751 1.541958241341 0.75814109594639 0.575803480674681 1.64638631350789 0.187742775544762 0.233566448982323 0.937911718183799 1.07832220443743 1.35610305660016 0.688430338586959 0.881782483704327 0.56925912719198 0.0345689431017579 0.559335453033147 0.810137331469919 0.891111463218897 0.569812583758286 0.363443295011363 0.543651011093777 0.0624352829252366 0.155134450334453 0.163574561676287 0.434227630796483 0.167962610801599 0.63958268869501 0.10480464281859 0.0617025648118103 1.0714622945572 0.420311906056191 0.773535333540335 1.33848614639071 0.957148869704628 0.994215207739019 0.123716787012471 1.75179011207469 1.39062620126371 0.907081597361885 0.65956085369565 0.433973075662442 1.78172880083099 0.225806149496642 0.459752775275703 0.493835894704058
6 1.73074010301857 0.0977237322419014 1.43180937979082 0.939571337530528 0.143376895441723 0 0.793837849689906 1.03632635232072 0.68006721605472 1.31536076126182 0.635004630279066 1.16193609138644 0.22546848705205 0.114594974466197 0.949275286134406 0.110490469314505 0.0893728019986031 1.37752727657727 1.18193856384462 1.76924327141029 0.188585438255452 0.883356181882899 0.250878465257024 0.0808532836007455 0.593091014410268 1.56770871169493 0.741197542157118 0.488631859650296 0.263094571125212 0.310508912205261 0.437892696006742 0.164266909793715 1.30684320272142 0.156539389222594 1.01587017528145 0.103925038779138 1.56248303577418 0.85764965974659 0.567910007628682 1.76482284945726 0.0987861744521965 0.209217348157748 1.07963845771833 1.09267125812968 1.48699335162011 0.818753715968383 1.0251031219607 0.661277270303426 0.177778598979241 0.702350960129008 0.853949504968155 0.998189764754516 0.705007157964393 0.361366024295326 0.676844213889149 0.129010030017725 0.131011742225936 0.12315287206275 0.422554158233372 0.167884736344405 0.682107798555267 0.0761990899646564 0.152296836781117 1.20951608805305 0.393982857526937 0.900300070671664 1.46828637884744 0.960167979860708 1.07119719772961 0.245907691924307 1.75211104888625 1.5024323604003 0.934778975409589 0.662334328393965 0.552952924146209 1.9108484125336 0.171048515014107 0.481359409086745 0.478030314326828
7 1.87956799075352 0.767418803653125 1.08758335065274 0.918038671221697 0.650727650633574 0.793837849689906 0 1.20102421505994 1.03881116035506 1.13752030438796 0.944384359204562 1.29905293674987 0.833751037010237 0.6799977242856 0.722464024081992 0.781475944774005 0.765378622491465 1.40323491530241 1.12695730083117 1.75639939909736 0.813322121281326 0.986421379112408 0.663441545656261 0.786405922416324 0.572518382939442 1.31343776016936 1.08058414963257 0.381176276328089 0.635123894926853 0.822742296498211 0.384263896290765 0.710824600823333 1.06328782118716 0.675171894824845 0.998494178479696 0.706254325846995 1.57199063176904 0.6434299372934 0.968817527127898 1.14607074938497 0.811588776656289 0.798747679432802 0.338721233444819 1.20158548216906 0.78717336494212 0.358365875906514 0.242583898814651 0.535516829951707 0.616191251093222 0.127284117748219 0.954924588887811 0.58278228549994 0.281530161043507 0.828595718053955 0.309230352503269 0.676604903021261 0.749107404888101 0.765071814137686 0.844682625180601 0.729079269828246 0.852096078219645 0.745458007983408 0.661775112612549 0.460101307940122 0.869342106736246 0.346300378099353 0.778567650875436 1.15008651070096 0.841925867104431 0.565253682079758 1.85116452876746 0.952045234446638 1.01458287312746 0.936687892905391 0.443858785797952 1.20904696909241 0.806808806240031 0.771710938636017 0.887752859826821
8 2.75493904306781 0.940227102170323 2.23998926056207 0.316147559510521 1.01545198115119 1.03632635232072 1.20102421505994 0 0.37704237932065 2.21290237171856 1.6535819335125 2.1704364847673 1.26045676740749 1.01226106341403 1.79110193771279 1.14104232179642 1.11402936367628 2.36237581979771 0.317454235631035 2.75282861559027 1.22250235241005 0.21461387824737 0.829364115912994 1.11376609931032 1.4706662543564 2.43580189470026 0.322900961489911 1.23404548659961 1.20895345140147 0.72658229060372 0.952549194288912 1.15873363650762 2.16928826654245 0.930053380558634 1.96508890676928 0.973320308903632 2.54811295875607 0.597337340625255 0.481262027516658 2.34068661331117 1.13504051751196 0.827453514122891 1.20781222355037 2.09056281969906 1.96293628122556 0.8812049618068 1.27194348022579 1.50131033740431 1.01718115705865 1.08043090790929 0.246597275515153 1.73066013603852 0.920071038116518 0.675210735757463 0.89192859905903 1.07379354448934 1.147708582906 1.14739714188718 1.44521655873217 1.17388184906663 0.387907017996651 0.972861897336105 0.954417191511225 1.62540111799619 1.42419398942776 1.52138144392617 1.96009021172212 1.97247355849368 1.92471883927922 1.10162286736357 2.76678114557634 2.1522898259594 1.91353139064833 1.67497976555615 0.784434143061455 2.36275809273954 1.20470158673336 1.47431778557122 1.50391762111916
9 2.41028307352527 0.588144154820363 1.99038145511092 0.443237709273547 0.68545118210702 0.68006721605472 1.03881116035506 0.37704237932065 0 1.92855365997892 1.31120977044363 1.83566991290002 0.905474301943412 0.676129668286126 1.52037045619867 0.788770053347248 0.763470493750213 2.04092778730505 0.616857040810237 2.43332527532937 0.868599882644251 0.310904993128924 0.509073294401245 0.760048755753315 1.17788736506774 2.16557526604854 0.0611548183500536 0.965921623577978 0.883733908419595 0.371783900340172 0.708420071032555 0.8182005577175 1.89809055403647 0.597595128890264 1.65709884394725 0.632495820298269 2.22693535716265 0.594672129226945 0.11217363485791 2.17808021593197 0.77835787039873 0.472236496371419 1.15026122067727 1.76132099563544 1.82589082293598 0.799228636807889 1.17592905634932 1.22177536124273 0.694880292799182 0.911527447861322 0.301019676961153 1.4957675349393 0.781902304912012 0.323942356423197 0.746587187208941 0.738020689241095 0.800559928339201 0.797759922423913 1.09949295429152 0.830751509192848 0.227462062896571 0.624423849313763 0.62394590017275 1.49487396755464 1.07360178796614 1.31414034667564 1.81730448505172 1.63491092243966 1.65278422970204 0.789166972764625 2.4291650323017 1.95873571978958 1.59240974211931 1.33598433812275 0.595178598798902 2.24554304690999 0.850984459994605 1.14234592531882 1.1565303677653
10 0.85706892882005 1.38043529469963 0.27672970088397 1.98609659935884 1.2555156958222 1.31536076126182 1.13752030438796 2.21290237171856 1.92855365997892 0 0.769129794631397 0.487565431945065 1.13286197904031 1.27189691729596 0.427501035985882 1.21234020224621 1.2271814109667 0.37764174519104 2.22096622608141 0.635989318155292 1.15569336753926 2.00965268242501 1.42035423011289 1.24105860083568 0.750669188949762 0.259950758886367 1.98642987139695 0.978923808352563 1.0625763215142 1.57585059726521 1.26206150377936 1.15178328514808 0.111978288035846 1.34122931816134 0.325711292342805 1.31906736549003 0.484203287767908 1.74580123696503 1.82350225859307 0.896339203176257 1.23852565833968 1.48794188362917 1.39665878812539 0.436978910004072 0.961137665459163 1.48646249103382 1.26355074589968 0.711905965741197 1.23965637219598 1.21430777414848 1.97585936468991 0.565716138055399 1.37870298573327 1.61508151567252 1.39094073623307 1.21429063153127 1.18520794113843 1.19559694391943 0.939176993593926 1.1476308791465 1.82571503319583 1.34052169370287 1.31435571936445 1.02631434416739 0.984972886904696 0.802890474321443 0.929895189315604 0.557620799964945 0.297709010334883 1.1419166448925 0.79054132042641 0.646842306817119 0.446185593399734 0.730595687623765 1.44432122262452 1.18360249314969 1.1685636219223 0.846170603757348 0.906863312526794
11 1.1014634540276 0.723314821504816 0.964638412843623 1.50541122191618 0.638915202763306 0.635004630279066 0.944384359204562 1.6535819335125 1.31120977044363 0.769129794631397 0 0.527170826331065 0.415166750480927 0.641347343701844 0.551876621318472 0.524625119221965 0.548533688725157 0.75059500129556 1.75358092374546 1.13937320078886 0.448563218870788 1.47978273833668 0.825491871092404 0.554151538614721 0.380908557813079 1.02875129115777 1.37230668774734 0.582463517780681 0.453645041075611 0.939425886284802 0.808359114843197 0.495224411209687 0.799445473755091 0.723539383033871 0.443652822886045 0.681444297155673 0.933194373632873 1.34282179318326 1.19924546042047 1.46346002004047 0.540154831972111 0.839342401456894 1.28271402561328 0.462507874160702 1.31619492665533 1.17776000806104 1.17321966279663 0.443691065955272 0.640892444877081 0.936299490078271 1.44768692940842 0.72289454963555 1.04597041250552 0.987957941636602 1.03721756901887 0.579803524608465 0.510669260063377 0.514077504624928 0.212452053769676 0.481135582805952 1.27800093878555 0.686806244050969 0.699426904896114 1.16201283479511 0.245509394779731 0.795378081435502 1.28841131835357 0.325260739122993 0.618808250286591 0.57100012571681 1.11800426828609 1.17718514647761 0.33173045448647 0.0386973502659306 1.0007195116113 1.68858216141476 0.465358047002052 0.194158119084401 0.159160940300514
12 0.595985113918737 1.24888337742065 0.761987364804501 2.00080122607653 1.1558629221852 1.16193609138644 1.29905293674987 2.1704364847673 1.83566991290002 0.487565431945065 0.527170826331065 0 0.941963035116707 1.161504136058 0.631917477197125 1.05147582556678 1.07486480402924 0.24928133039479 2.24779141203524 0.618985139316723 0.975715507947144 1.98858707195561 1.34123646289988 1.08109457535418 0.755707573734085 0.693781178546232 1.8966404281119 1.0083091718656 0.961590483089376 1.46416607906492 1.27675032101147 1.01755480423392 0.582282324118477 1.24254692471583 0.322813411832456 1.20368401328497 0.416622234233531 1.80884670137359 1.72401079517074 1.37376804101784 1.06732023480744 1.36481899236776 1.61535089167356 0.0980943319402875 1.37517587433012 1.60015894727853 1.48827040430016 0.769131656613249 1.15326789601536 1.33299079958487 1.95573219854821 0.843191187637475 1.47380031514184 1.51182499237512 1.47391387355418 1.09947273634139 1.03617588755284 1.04038266220173 0.73947686550706 1.00499371418521 1.78906910007609 1.21163237703823 1.21735040807745 1.34916905474326 0.771675489104839 1.03156028513252 1.34380043916314 0.201958471390082 0.580959919042725 1.07202242142521 0.596549251143018 1.10777952342896 0.285511382527902 0.500036176991609 1.4728503600423 1.65189759173216 0.992528834261897 0.696231948998665 0.685683400206482
13 1.5059670800207 0.320252132775118 1.27761032588935 1.14863814180675 0.278399555431198 0.22546848705205 0.833751037010237 1.26045676740749 0.905474301943412 1.13286197904031 0.415166750480927 0.941963035116707 0 0.267341908205936 0.80351142317206 0.120135433454117 0.148264797853097 1.16386374787492 1.3941283072477 1.55397042077251 0.0385070959491856 1.10191931447522 0.451585773926431 0.14669081639007 0.46658482398846 1.39022248776656 0.96659147926289 0.467280457371384 0.199329718909705 0.535730465594594 0.546103013107106 0.139118068036604 1.13725169905326 0.346251514693117 0.820541501654238 0.294939173026462 1.34752195067549 1.03606945120918 0.793332626092045 1.67254782798952 0.127247493246737 0.434427710022384 1.15341432447117 0.876734108369946 1.43535268637705 0.945437114814417 1.07578870554586 0.545568245816477 0.297190330001476 0.770703636076846 1.07158429627877 0.893956239700166 0.819287809394781 0.586269720082992 0.798049344109981 0.21728265471597 0.12344716988706 0.11773921024275 0.204907499709969 0.117919821727447 0.899535689730232 0.288493156575466 0.328037287099938 1.19402940572441 0.170491137138993 0.849168685949159 1.41303962682441 0.740012438204611 0.913692725258725 0.284734024032871 1.52909580669718 1.39759493715824 0.728620123733455 0.445218930684892 0.706688810760411 1.84826494567018 0.0561654434506684 0.286762586485863 0.256281299686775
14 1.74278703750353 0.114656537272856 1.36910650201678 0.882793979778306 0.0295155944357421 0.114594974466197 0.6799977242856 1.01226106341403 0.676129668286126 1.27189691729596 0.641347343701844 1.161504136058 0.267341908205936 0 0.886852149690798 0.153081268659602 0.124989656676078 1.36487695379719 1.12922359072086 1.75730994408283 0.229498770274065 0.842766607427404 0.187219048265772 0.137805249639335 0.530432995023006 1.51891875715231 0.736739098363697 0.390257355517996 0.210646890943812 0.308069026738819 0.324811359558619 0.14682870894694 1.25438641707307 0.0825461574334468 0.985970166537966 0.0473445530468192 1.55085612797422 0.77276928659147 0.5655342439847 1.6733383023057 0.167225731781995 0.216073768011255 0.965567275900039 1.08553479847148 1.3847754536711 0.711785169905453 0.91054860936347 0.590851474829131 0.0640204484482765 0.587766401704435 0.811498808087695 0.915940296699311 0.594744648221948 0.352644354135576 0.567855217535928 0.0620469577130779 0.144304379094766 0.150111766361453 0.433796502944166 0.163414843721079 0.64015338745286 0.0776505378567346 0.0610132227816674 1.10085768442239 0.41673074822391 0.801529414588122 1.36701906846235 0.961872040645991 1.01362240366511 0.148943646572745 1.75675309416331 1.41647675027403 0.91670319752957 0.663447643649541 0.45339314508865 1.81021086780563 0.212898040305763 0.466447509275221 0.493032974850713
15 1.17619194400544 1.00009048574384 0.482838793184125 1.55907203757858 0.866496117912326 0.949275286134406 0.722464024081992 1.79110193771279 1.52037045619867 0.427501035985882 0.551876621318472 0.631917477197125 0.80351142317206 0.886852149690798 0 0.857169661561096 0.866062121053673 0.688138522724249 1.79346874593259 1.03398847865788 0.81695979057387 1.58568833754024 1.01720364515528 0.883281704603703 0.357106823159497 0.646435992960718 1.57668674252611 0.558612378701084 0.686706805623923 1.18038342445969 0.838659937060544 0.786255171345731 0.378940772589652 0.948063552280809 0.309209882571795 0.93402380362484 0.851001645937106 1.31881799545404 1.41878869711059 0.912038488918396 0.887472686928541 1.09970318882949 1.00893292911149 0.536097948325123 0.789845293145394 1.06393301047329 0.877551202444049 0.299674679995908 0.845769234664142 0.790456815298619 1.55192179403106 0.213427153651163 0.95297622473352 1.21552716355649 0.964234472465365 0.834468037969373 0.825321967245313 0.838437546405396 0.643175036434569 0.787119316701421 1.40521006078367 0.960736153704531 0.92157883939889 0.718200314115151 0.691194616174604 0.410636673954988 0.760024508671219 0.548634415636256 0.133636999265428 0.746159640788173 1.1374585780308 0.626104245389597 0.382234829505612 0.517925211416819 1.01788130269278 1.14026925713707 0.826155602561457 0.532358760435755 0.634075014141804
16 1.62153587328874 0.201371656854771 1.33809578263069 1.02985440676425 0.169622185976909 0.110490469314505 0.781475944774005 1.14104232179642 0.788770053347248 1.21234020224621 0.524625119221965 1.05147582556678 0.120135433454117 0.153081268659602 0.857169661561096 0 0.0287305427873308 1.26739007217448 1.27483656466587 1.65897373955461 0.0817398421194667 0.981807077659491 0.333029617011006 0.0298620312553907 0.504776466308324 1.46647021465775 0.849924691533908 0.441021255583539 0.183413986929104 0.417755192902411 0.458479488903694 0.0796903152260953 1.20776926021279 0.228317720545928 0.909029836596496 0.175769703577495 1.45222726251005 0.925829416415637 0.676604899678287 1.69559040431562 0.0334785569012189 0.316673235931399 1.08693480672153 0.982276242961725 1.43463670176957 0.854429221275373 1.01997087331044 0.577728408058545 0.195022900405512 0.704081825032399 0.951519250750282 0.921752260759076 0.732625475816896 0.467772282860767 0.708318192233771 0.115332484091651 0.03591492785444 0.0197791235914994 0.312178327569184 0.0714871793736473 0.77945989268972 0.168483340559413 0.212177895951623 1.17268718042593 0.284869468232135 0.84542050244795 1.4142789784986 0.849735742356657 0.975552782434133 0.216239138891935 1.64202854068731 1.42752418255463 0.825582751195106 0.551844010628782 0.603560387338778 1.8545680570501 0.0639802574333718 0.373037557333889 0.368101325895873
17 1.64688393983078 0.175405763700298 1.34791899819243 1.00119490187252 0.142886062628592 0.0893728019986031 0.765378622491465 1.11402936367628 0.763470493750213 1.2271814109667 0.548533688725157 1.07486480402924 0.148264797853097 0.124989656676078 0.866062121053673 0.0287305427873308 0 1.28883742536999 1.24626468179294 1.68072803034058 0.109767041543006 0.953709174552202 0.304322645323261 0.0216790267033982 0.511561260993425 1.48025109361273 0.824618920712695 0.432927281829535 0.184581357617158 0.391996376553481 0.435262981445697 0.0804790981028647 1.2202893835563 0.199588422928433 0.926606309518131 0.14710814129453 1.47395354065252 0.897724312508526 0.651351896132755 1.69583117231408 0.047232503447492 0.291236821106226 1.06715420300657 1.00449392350221 1.42943051999558 0.829737754007601 1.00261909685027 0.582568444814312 0.169928595508219 0.68489922754139 0.923330982381736 0.9241899434872 0.708969565539358 0.44161102043896 0.684054004915777 0.0923257086231166 0.0419784831565862 0.0344821655994239 0.336295502329652 0.0798266527204437 0.751289502087474 0.14117061765401 0.183635176265495 1.16297515890394 0.310804520291111 0.840519424291971 1.40955566486603 0.873317251775232 0.986215863941408 0.200894388864116 1.66639044403767 1.42967136292665 0.845542009759364 0.574913006309718 0.576756705161089 1.85068870877952 0.0921396450127469 0.392013086267365 0.393060908353163
18 0.494400526500154 1.45964704397749 0.643721023322907 2.17237197350215 1.35590014502766 1.37752727657727 1.40323491530241 2.36237581979771 2.04092778730505 0.37764174519104 0.75059500129556 0.24928133039479 1.16386374787492 1.36487695379719 0.688138522724249 1.26739007217448 1.28883742536999 0 2.41652303639946 0.392459896900257 1.19540268655717 2.17244790996352 1.537716488191 1.29724532774126 0.907210024407308 0.506843786407925 2.10139757288536 1.1603645502161 1.15807672993139 1.67177892273633 1.4403808885208 1.2253771971008 0.489241001863101 1.44365226326264 0.411869406479252 1.40918650783806 0.186071884518517 1.96087875227298 1.93038406449196 1.26403650806598 1.28623490748187 1.57461847594405 1.6970598387942 0.288508502439459 1.33568771120477 1.72955893395237 1.56551331552148 0.900588292804234 1.34915334026161 1.45649471479648 2.13905607613166 0.87852673052145 1.60931590337342 1.71748290125753 1.61435679381626 1.30310945264238 1.24857359756234 1.25456887202561 0.959051444927389 1.21499701239295 1.97662663776683 1.42114281068556 1.41757024195182 1.37160381442361 0.995696226667015 1.09809254859939 1.30429327543822 0.43519029181708 0.593143260383762 1.26103910778979 0.449345062856543 1.02354211252795 0.449263705064971 0.718789689137274 1.63434653185723 1.55592890045442 1.21147979357774 0.899687124386252 0.909406427868835
19 2.84218019426795 1.08457062323183 2.20853284069561 0.248169730374573 1.12422465416274 1.18193856384462 1.12695730083117 0.317454235631035 0.616857040810237 2.22096622608141 1.75358092374546 2.24779141203524 1.3941283072477 1.12922359072086 1.79346874593259 1.27483656466587 1.24626468179294 2.41652303639946 0 2.79926822209104 1.35567191724086 0.314942015789413 0.942765140882919 1.25125196962895 1.50946749371277 2.42352851061423 0.579769172157206 1.25776164238572 1.29995003172439 0.8918271933259 0.97614463746204 1.27339775583583 2.16290824467775 1.04828046768626 2.00775268903435 1.09923448674561 2.59937452911514 0.483883524997909 0.694862809401354 2.22450947970881 1.27676608280989 0.98452468287314 1.04708820266087 2.1606340894091 1.83343571741302 0.772970190809022 1.13731659012929 1.52369352457589 1.11627620753022 1.02244116145192 0.337429512483088 1.6971371986311 0.853638584425928 0.841396306796888 0.835519148662542 1.18639383268838 1.27290033866785 1.27656223015732 1.55660386967777 1.29166011865658 0.503462064363171 1.10962162698678 1.06825471358284 1.50120971785454 1.54453648563132 1.46920828415662 1.8354227821734 2.05772266705064 1.92473926841181 1.18304438189222 2.8414933750419 2.06742366343537 1.97518877089551 1.76897485803832 0.78297343954187 2.20895546594289 1.33825181972222 1.56350780125676 1.6163397688375
20 0.367160073807624 1.85194421488843 0.823214782864446 2.55674578961946 1.74818458112921 1.76924327141029 1.75639939909736 2.75282861559027 2.43332527532937 0.635989318155292 1.13937320078886 0.618985139316723 1.55397042077251 1.75730994408283 1.03398847865788 1.65897373955461 1.68072803034058 0.392459896900257 2.79926822209104 0 1.58614213436259 2.56100330787385 1.92955680403621 1.68881274000723 1.29079171710547 0.593141109910697 2.49376317568383 1.5415095360122 1.55023772376435 2.0642356748275 1.82404711758109 1.61776426295973 0.735339251512732 1.83596525222698 0.79190478131131 1.80164616071385 0.206777355461778 2.33718251869252 2.32282806168829 1.38881701588712 1.67724680258 1.96700140998589 2.02967456106185 0.67725256595978 1.55661166526849 2.09484653711002 1.89665320404457 1.27689559281168 1.74108372602555 1.82085049546389 2.52749729299356 1.19836156377004 1.97899895584514 2.10992718155138 1.98662632128236 1.69555746721654 1.64062730579559 1.64640631340173 1.34948168181601 1.60725072217824 2.36639971377938 1.81350553224682 1.80983756226636 1.65917569390312 1.38487541574953 1.43202448948829 1.52665651124404 0.817865996037685 0.918150418678679 1.65215732451786 0.254688502839524 1.2047876205576 0.841205089053502 1.10879540057683 2.01630236340591 1.68780562461268 1.60241079084309 1.29210467994178 1.29851849715074
21 1.54219534169961 0.282430072692241 1.29395264644813 1.11025641521407 0.24153573804018 0.188585438255452 0.813322121281326 1.22250235241005 0.868599882644251 1.15569336753926 0.448563218870788 0.975715507947144 0.0385070959491856 0.229498770274065 0.81695979057387 0.0817398421194667 0.109767041543006 1.19540268655717 1.35567191724086 1.58614213436259 0 1.06345120961649 0.413201556133855 0.108896488609242 0.473526764250684 1.412068257649 0.929738597462657 0.453282452447408 0.183792039872973 0.498316625510675 0.515060409125708 0.10805584924747 1.15694781218773 0.307929508693083 0.84634233149116 0.256459260254249 1.37954599155348 0.999619064768674 0.756432476778203 1.67664280555817 0.0916390934420736 0.397057093590348 1.12919663136872 0.908930029683832 1.4316146312738 0.914049029602906 1.05465174853108 0.550879376037916 0.261714125194183 0.745965624890606 1.03309578181172 0.898839153854184 0.788977998513416 0.548669635046103 0.766874825291355 0.181200088127539 0.0864259706338561 0.0795319258196504 0.236749456013949 0.0873575002096535 0.861051071573553 0.250197911431094 0.290027137431928 1.18355216055573 0.205596852248181 0.843706668774023 1.40990985112769 0.773773898349974 0.930152119722357 0.256899236992505 1.56427404726587 1.40377492947783 0.757464400073277 0.47748662690739 0.671887274958266 1.84702175963518 0.0178036080716428 0.310190694703899 0.290413267431981
22 2.57818680477385 0.785647098303532 2.02951613277486 0.146571735397668 0.841842775401585 0.883356181882899 0.986421379112408 0.21461387824737 0.310904993128924 2.00965268242501 1.47978273833668 1.98858707195561 1.10191931447522 0.842766607427404 1.58568833754024 0.981807077659491 0.953709174552202 2.17244790996352 0.314942015789413 2.56100330787385 1.06345120961649 0 0.655871550030743 0.956474811126303 1.27322675149849 2.22868620917356 0.285446800165619 1.03127595635513 1.02877345350752 0.583893423026482 0.747594718073957 0.989305345881213 1.96290022167969 0.76036301020874 1.77055290623543 0.808243223673222 2.35754989828146 0.394915979502872 0.380513715207868 2.12685479984081 0.980414418322893 0.680065476822711 1.00413359865702 1.90571583270904 1.7506155933717 0.670503982814111 1.06231972669558 1.29954463808601 0.838975462687603 0.865911474861033 0.033794984436923 1.51915898881091 0.70555418007919 0.53260481482859 0.677314740625317 0.902633158438122 0.983726231540839 0.985595433258589 1.27589677200157 1.00616132246378 0.202668086711945 0.813984970556662 0.782716068328028 1.41308543250549 1.25929884540474 1.30773700900909 1.74727010890652 1.79331167124655 1.71913985563768 0.916564707889612 2.58498951229187 1.93770193650003 1.72513287216474 1.49857482482756 0.573074989255046 2.15324261665001 1.04575449608433 1.2949561381812 1.33538677990381
23 1.92618153948766 0.162808247707597 1.49332022402764 0.697055545405198 0.186577004178727 0.250878465257024 0.663441545656261 0.829364115912994 0.509073294401245 1.42035423011289 0.825491871092404 1.34123646289988 0.451585773926431 0.187219048265772 1.01720364515528 0.333029617011006 0.304322645323261 1.537716488191 0.942765140882919 1.92955680403621 0.413201556133855 0.655871550030743 0 0.311167968508328 0.669884864364477 1.65999279399171 0.568041009355038 0.474046051584289 0.380381961309739 0.172189865991416 0.279280359475198 0.333455356310185 1.3929611053155 0.105525307730485 1.14896010913103 0.157373174975175 1.72376707025432 0.608074469516419 0.403176173331845 1.74056161822945 0.338338334883849 0.137420472062627 0.899656539283887 1.26243196591848 1.42236914124074 0.600692901358319 0.86946308195392 0.717570045105021 0.188648336915378 0.549356759128682 0.624440884584599 1.01331457549853 0.503621233376544 0.199381461502553 0.470479746885308 0.24677971394971 0.330182947251037 0.333900710463947 0.620072498061309 0.350581214457005 0.453383961477525 0.174756080864977 0.126849170511478 1.11451224930739 0.603936836786531 0.861272814336174 1.40817379740201 1.14311914652397 1.14840306234372 0.280185388592741 1.93746783185812 1.49898808246718 1.08847018308598 0.845936831487293 0.323523394153494 1.84976006914015 0.395922388676036 0.645024058539033 0.679526630304621
24 1.6503909976259 0.173579423010123 1.36472225315236 1.00695866257362 0.158316233497134 0.0808532836007455 0.786405922416324 1.11376609931032 0.760048755753315 1.24105860083568 0.554151538614721 1.08109457535418 0.14669081639007 0.137805249639335 0.883281704603703 0.0298620312553907 0.0216790267033982 1.29724532774126 1.25125196962895 1.68881274000723 0.108896488609242 0.956474811126303 0.311167968508328 0 0.529644660265095 1.49482703977994 0.82119873400011 0.454546508283335 0.204331566800782 0.389459536620212 0.453418031166386 0.0997224645760297 1.23562052794216 0.207825050075944 0.938485361353317 0.15399689896585 1.48206891213555 0.909103645323441 0.647875166339661 1.71623484491848 0.0294870414268799 0.288232388228861 1.08698794946514 1.01208418566438 1.45084459579924 0.846497925385525 1.02330512075315 0.601440192500163 0.187127278779279 0.705033962133861 0.926442930649514 0.943934571085141 0.726649995825841 0.439773197596103 0.701247141016754 0.111744280704779 0.058019656538751 0.0455317528030265 0.341700884885374 0.0961642154703699 0.754374190463472 0.142490203037053 0.19410518678188 1.1846540758834 0.313592673366412 0.861874091255221 1.43090887690344 0.879317633655743 1.00256236281561 0.222277622486091 1.67134170984019 1.44953785780781 0.855396060538775 0.581555489797629 0.591071622643977 1.87193084366772 0.0911442801157013 0.402697898713817 0.397297467214531
25 1.35024732340517 0.643215468201537 0.839927826189283 1.26606185582852 0.510976691709099 0.593091014410268 0.572518382939442 1.4706662543564 1.17788736506774 0.750669188949762 0.380908557813079 0.755707573734085 0.46658482398846 0.530432995023006 0.357106823159497 0.504776466308324 0.511561260993425 0.907210024407308 1.50946749371277 1.29079171710547 0.473526764250684 1.27322675149849 0.669884864364477 0.529644660265095 0 0.991393164845145 1.23585141070995 0.25428349049045 0.33008719606905 0.828229810537925 0.533475401621526 0.431245435869227 0.725352805671458 0.594309265218427 0.498891974750277 0.577710763159814 1.08995180661002 1.05672870170033 1.07305863719972 1.20663880841899 0.536245803625401 0.744531680512462 0.90822730400851 0.662339462933522 0.99026141723992 0.846062812827511 0.794728343605966 0.0811973469183418 0.492034387679343 0.584162938281514 1.23954605573803 0.427968942157313 0.718490634825274 0.865776298518561 0.718210147686396 0.477388370018624 0.4716518113686 0.485563592607029 0.352132970301794 0.433742426088863 1.08277169221142 0.603768122486269 0.567582333445796 0.794674207776278 0.394737904644372 0.42789223228704 0.965534846176545 0.587121899399522 0.483273658663907 0.393029431402609 1.33870135404679 0.931026238205071 0.472807090646193 0.367958552811756 0.727146860019266 1.39212193572312 0.480349013686282 0.245495918589813 0.37086179267246
26 0.902442967210146 1.62929538773565 0.249428530249794 2.19505000952925 1.50109067112113 1.56770871169493 1.31343776016936 2.43580189470026 2.16557526604854 0.259950758886367 1.02875129115777 0.693781178546232 1.39022248776656 1.51891875715231 0.646435992960718 1.46647021465775 1.48025109361273 0.506843786407925 2.42352851061423 0.593141109910697 1.412068257649 2.22868620917356 1.65999279399171 1.49482703977994 0.991393164845145 0 2.22234401379126 1.20496517667813 1.31142450558365 1.81959734847524 1.48337298592203 1.40360579652411 0.267613025744819 1.58545364323888 0.585114656746062 1.56624385747021 0.521801145537874 1.94254697904418 2.06272659335996 0.801150141789182 1.49345300378226 1.7344475963032 1.53597959094491 0.665825268477991 0.97308639051887 1.67020478589017 1.40454059317019 0.943815451686021 1.48328509490002 1.40419796716145 2.19499030263789 0.730873691600717 1.57212035245889 1.85694137567845 1.58827608777284 1.46274139179153 1.43834848534166 1.44929931033762 1.19827081014588 1.40048022001429 2.05083273789975 1.58942890315141 1.55866450692947 1.11839265674528 1.24432527074626 0.968012146383842 0.944130256023605 0.800674426747261 0.513182808636771 1.38442059830192 0.81076972337665 0.614248590347913 0.703243014403708 0.990272226463518 1.65767171200062 1.10012972293752 1.42450724408425 1.10347763885699 1.16667341025405
27 2.4714374783186 0.649284446224515 2.04504416882701 0.426106160806422 0.745691395685075 0.741197542157118 1.08058414963257 0.322900961489911 0.0611548183500536 1.98642987139695 1.37230668774734 1.8966404281119 0.96659147926289 0.736739098363697 1.57668674252611 0.849924691533908 0.824618920712695 2.10139757288536 0.579769172157206 2.49376317568383 0.929738597462657 0.285446800165619 0.568041009355038 0.82119873400011 1.23585141070995 2.22234401379126 0 1.02096665578566 0.943904813305123 0.432887257532111 0.759324736242059 0.879126592764216 1.95478375717699 0.657857565065826 1.716655366692 0.693304580310865 2.28742401860308 0.605602560359279 0.173324624946441 2.22292143438606 0.839459957615966 0.533386816918082 1.1774478598622 1.82208858788567 1.86686478733376 0.826976034729239 1.20898622411575 1.27855864171329 0.754567799753555 0.953443003145712 0.281963788706953 1.54826644872836 0.818127846539321 0.384833902871162 0.783501259781171 0.798674149528851 0.861668900797159 0.858903729629244 1.16062202727429 0.891770872675861 0.246355839618819 0.685508045537461 0.684116275846047 1.53415065358858 1.13475495373595 1.36296390685667 1.85902274062805 1.69593641288317 1.70934967954048 0.848226121752783 2.49024413996345 2.00710314628199 1.65275100081696 1.39700801345532 0.636847307963033 2.28457113170523 0.912127007149964 1.20306326902944 1.21767944021459
28 1.6036268041013 0.501667762263582 1.02451096790001 1.01609105846462 0.362775079935189 0.488631859650296 0.381176276328089 1.23404548659961 0.965921623577978 0.978923808352563 0.582463517780681 1.0083091718656 0.467280457371384 0.390257355517996 0.558612378701084 0.441021255583539 0.432927281829535 1.1603645502161 1.25776164238572 1.5415095360122 0.453282452447408 1.03127595635513 0.474046051584289 0.454546508283335 0.25428349049045 1.20496517667813 1.02096665578566 0 0.269510717919234 0.644564548050639 0.284540739773655 0.362629219129074 0.937546763868422 0.426839429033609 0.750236720570958 0.431855075045482 1.34216159925161 0.802449981050928 0.867874746329968 1.28390578596164 0.474059050857077 0.578923114676064 0.716589509224529 0.915870954074574 0.998565020952293 0.600703646322276 0.622499908783223 0.268451585950646 0.332455204102696 0.354367325354923 0.997483871460928 0.539491554094659 0.470487562630179 0.673027592006078 0.46715780765419 0.359683814085878 0.405516586327481 0.422121770341302 0.464001047615143 0.376993781883174 0.847233816709332 0.467499073508979 0.403271800049484 0.732214148873115 0.488203381630201 0.411964979162865 0.979669914134889 0.833434988114186 0.692145167699184 0.243421445671771 1.59297929460557 1.03142347579666 0.726702138504041 0.581470731004854 0.474792889257255 1.42224425456736 0.450466941681235 0.398270388357732 0.509014269843331
29 1.54941838541063 0.317991776086286 1.16947035484829 1.05178151874756 0.198321123269455 0.263094571125212 0.635123894926853 1.20895345140147 0.883733908419595 1.0625763215142 0.453645041075611 0.961590483089376 0.199329718909705 0.210646890943812 0.686706805623923 0.183413986929104 0.184581357617158 1.15807672993139 1.29995003172439 1.55023772376435 0.183792039872973 1.02877345350752 0.380381961309739 0.204331566800782 0.33008719606905 1.31142450558365 0.943904813305123 0.269510717919234 0 0.518318346763208 0.377126732800506 0.104661618424892 1.04829357147238 0.286173795304209 0.775504919739243 0.257295238934806 1.34414836138503 0.899423788481032 0.774107257102207 1.5123208296182 0.216718413509229 0.426336116285232 0.958301689007056 0.882066448037083 1.25372521437343 0.771829918433244 0.87745868296451 0.398746358859433 0.191860660066915 0.577324175024785 0.996293217700888 0.739646617425823 0.641941331721597 0.561613562488563 0.624843124799428 0.15172737981621 0.147901213165468 0.163636809123373 0.264795963460456 0.113133066344206 0.828119689981913 0.278090477512325 0.259794773703252 1.00016950528153 0.267163543768378 0.664653286909635 1.23285557545752 0.764760328768301 0.810133927664782 0.11909854556487 1.55807731569308 1.24521090258507 0.709046091403017 0.470267649238118 0.558814947825252 1.672286426355 0.181686914987296 0.266211340738684 0.323192400861399
